0 1 12340 2
0 2 15670 13
0 3 22230 5
0 4 14570 12
0 5 31990 4
0 6 42345 6
0 7 23999 7
0 8 22100 2
0 9 19867 4
0 10 21620 8
0 11 48920 9
0 12 41760 16
0 13 32540 17
0 14 21380 3
0 15 18760 5
0 16 16540 8
0 17 15490 11
0 18 24590 13
0 19 23810 8
0 20 21780 2
0 21 17800 13
0 22 176800 5
0 23 3380 12
0 24 12340 4
0 25 15670 6
0 26 22230 7
0 27 14570 2
0 28 31990 4
0 29 42345 8
0 30 23999 9
0 31 22100 16
0 32 19867 17
0 33 21620 3
0 34 48920 5
0 35 41760 8
0 36 32540 11
0 37 21380 13
0 38 18760 8
0 39 16540 2
0 40 15490 13
0 41 24590 5
0 42 23810 12
0 43 21780 4
0 44 17800 6
0 45 176800 7
0 46 3380 2
0 47 12340 4
0 48 15670 8
0 49 22230 9
0 50 14570 16
0 51 31990 17
0 52 42345 3
0 53 23999 5
0 54 22100 8
0 55 19867 11
0 56 21620 13
1 0 15670 13
1 2 14570 12
1 3 31990 4
1 4 42345 6
1 5 23999 7
1 6 22100 2
1 7 19867 4
1 8 21620 8
1 9 48920 9
1 10 41760 16
1 11 32540 17
1 12 21380 3
1 13 18760 5
1 14 16540 8
1 15 15490 11
1 16 24590 13
1 17 23810 8
1 18 21780 2
1 19 17800 13
1 20 176800 5
1 21 3380 12
1 22 12340 4
1 23 15670 6
1 24 22230 7
1 25 14570 2
1 26 31990 4
1 27 42345 8
1 28 23999 9
1 29 22100 16
1 30 19867 17
1 31 21620 3
1 32 48920 5
1 33 41760 8
1 34 32540 11
1 35 21380 13
1 36 18760 8
1 37 16540 2
1 38 15490 13
1 39 24590 5
1 40 23810 12
1 41 21780 4
1 42 17800 6
1 43 176800 7
1 44 3380 2
1 45 12340 4
1 46 15670 8
1 47 22230 9
1 48 14570 16
1 49 31990 17
1 50 42345 3
1 51 23999 5
1 52 22100 8
1 53 19867 11
1 54 21620 13
1 55 48920 8
1 56 41760 2
2 0 14570 12
2 1 31990 4
2 3 23999 7
2 4 22100 2
2 5 19867 4
2 6 21620 8
2 7 48920 9
2 8 41760 16
2 9 32540 17
2 10 21380 3
2 11 18760 5
2 12 16540 8
2 13 15490 11
2 14 24590 13
2 15 23810 8
2 16 21780 2
2 17 17800 13
2 18 176800 5
2 19 3380 12
2 20 12340 4
2 21 15670 6
2 22 22230 7
2 23 14570 2
2 24 31990 4
2 25 42345 8
2 26 23999 9
2 27 22100 16
2 28 19867 17
2 29 21620 3
2 30 48920 5
2 31 41760 8
2 32 32540 11
2 33 21380 13
2 34 18760 8
2 35 16540 2
2 36 15490 13
2 37 24590 5
2 38 23810 12
2 39 21780 4
2 40 17800 6
2 41 176800 7
2 42 3380 2
2 43 12340 4
2 44 15670 8
2 45 22230 9
2 46 14570 16
2 47 31990 17
2 48 42345 3
2 49 23999 5
2 50 22100 8
2 51 19867 11
2 52 21620 13
2 53 48920 8
2 54 41760 2
2 55 32540 13
2 56 21380 5
3 0 42345 6
3 1 23999 7
3 2 22100 2
3 4 21620 8
3 5 48920 9
3 6 41760 16
3 7 32540 17
3 8 21380 3
3 9 18760 5
3 10 16540 8
3 11 15490 11
3 12 24590 13
3 13 23810 8
3 14 21780 2
3 15 17800 13
3 16 176800 5
3 17 3380 12
3 18 12340 4
3 19 15670 6
3 20 22230 7
3 21 14570 2
3 22 31990 4
3 23 42345 8
3 24 23999 9
3 25 22100 16
3 26 19867 17
3 27 21620 3
3 28 48920 5
3 29 41760 8
3 30 32540 11
3 31 21380 13
3 32 18760 8
3 33 16540 2
3 34 15490 13
3 35 24590 5
3 36 23810 12
3 37 21780 4
3 38 17800 6
3 39 176800 7
3 40 3380 2
3 41 12340 4
3 42 15670 8
3 43 22230 9
3 44 14570 16
3 45 31990 17
3 46 42345 3
3 47 23999 5
3 48 22100 8
3 49 19867 11
3 50 21620 13
3 51 48920 8
3 52 41760 2
3 53 32540 13
3 54 21380 5
3 55 18760 12
3 56 16540 4
4 0 22100 2
4 1 19867 4
4 2 21620 8
4 3 48920 9
4 5 32540 17
4 6 21380 3
4 7 18760 5
4 8 16540 8
4 9 15490 11
4 10 24590 13
4 11 23810 8
4 12 21780 2
4 13 17800 13
4 14 176800 5
4 15 3380 12
4 16 12340 4
4 17 15670 6
4 18 22230 7
4 19 14570 2
4 20 31990 4
4 21 42345 8
4 22 23999 9
4 23 22100 16
4 24 19867 17
4 25 21620 3
4 26 48920 5
4 27 41760 8
4 28 32540 11
4 29 21380 13
4 30 18760 8
4 31 16540 2
4 32 15490 13
4 33 24590 5
4 34 23810 12
4 35 21780 4
4 36 17800 6
4 37 176800 7
4 38 3380 2
4 39 12340 4
4 40 15670 8
4 41 22230 9
4 42 14570 16
4 43 31990 17
4 44 42345 3
4 45 23999 5
4 46 22100 8
4 47 19867 11
4 48 21620 13
4 49 48920 8
4 50 41760 2
4 51 32540 13
4 52 21380 5
4 53 18760 12
4 54 16540 4
4 55 15490 6
4 56 24590 7
5 0 21620 8
5 1 48920 9
5 2 41760 16
5 3 32540 17
5 4 21380 3
5 6 16540 8
5 7 15490 11
5 8 24590 13
5 9 23810 8
5 10 21780 2
5 11 17800 13
5 12 176800 5
5 13 3380 12
5 14 12340 4
5 15 15670 6
5 16 22230 7
5 17 14570 2
5 18 31990 4
5 19 42345 8
5 20 23999 9
5 21 22100 16
5 22 19867 17
5 23 21620 3
5 24 48920 5
5 25 41760 8
5 26 32540 11
5 27 21380 13
5 28 18760 8
5 29 16540 2
5 30 15490 13
5 31 24590 5
5 32 23810 12
5 33 21780 4
5 34 17800 6
5 35 176800 7
5 36 3380 2
5 37 12340 4
5 38 15670 8
5 39 22230 9
5 40 14570 16
5 41 31990 17
5 42 42345 3
5 43 23999 5
5 44 22100 8
5 45 19867 11
5 46 21620 13
5 47 48920 8
5 48 41760 2
5 49 32540 13
5 50 21380 5
5 51 18760 12
5 52 16540 4
5 53 15490 6
5 54 24590 7
5 55 23810 2
5 56 21780 4
6 0 41760 16
6 1 32540 17
6 2 21380 3
6 3 18760 5
6 4 16540 8
6 5 15490 11
6 7 23810 8
6 8 21780 2
6 9 17800 13
6 10 176800 5
6 11 3380 12
6 12 12340 4
6 13 15670 6
6 14 22230 7
6 15 14570 2
6 16 31990 4
6 17 42345 8
6 18 23999 9
6 19 22100 16
6 20 19867 17
6 21 21620 3
6 22 48920 5
6 23 41760 8
6 24 32540 11
6 25 21380 13
6 26 18760 8
6 27 16540 2
6 28 15490 13
6 29 24590 5
6 30 23810 12
6 31 21780 4
6 32 17800 6
6 33 176800 7
6 34 3380 2
6 35 12340 4
6 36 15670 8
6 37 22230 9
6 38 14570 16
6 39 31990 17
6 40 42345 3
6 41 23999 5
6 42 22100 8
6 43 19867 11
6 44 21620 13
6 45 48920 8
6 46 41760 2
6 47 32540 13
6 48 21380 5
6 49 18760 12
6 50 16540 4
6 51 15490 6
6 52 24590 7
6 53 23810 2
6 54 21780 4
6 55 17800 8
6 56 176800 9
7 0 21380 3
7 1 18760 5
7 2 16540 8
7 3 15490 11
7 4 24590 13
7 5 23810 8
7 6 21780 2
7 8 176800 5
7 9 3380 12
7 10 12340 4
7 11 15670 6
7 12 22230 7
7 13 14570 2
7 14 31990 4
7 15 42345 8
7 16 23999 9
7 17 22100 16
7 18 19867 17
7 19 21620 3
7 20 48920 5
7 21 41760 8
7 22 32540 11
7 23 21380 13
7 24 18760 8
7 25 16540 2
7 26 15490 13
7 27 24590 5
7 28 23810 12
7 29 21780 4
7 30 17800 6
7 31 176800 7
7 32 3380 2
7 33 12340 4
7 34 15670 8
7 35 22230 9
7 36 14570 16
7 37 31990 17
7 38 42345 3
7 39 23999 5
7 40 22100 8
7 41 19867 11
7 42 21620 13
7 43 48920 8
7 44 41760 2
7 45 32540 13
7 46 21380 5
7 47 18760 12
7 48 16540 4
7 49 15490 6
7 50 24590 7
7 51 23810 2
7 52 21780 4
7 53 17800 8
7 54 176800 9
7 55 3380 16
7 56 12340 17
8 0 16540 8
8 1 15490 11
8 2 24590 13
8 3 23810 8
8 4 21780 2
8 5 17800 13
8 6 176800 5
8 7 3380 12
8 9 15670 6
8 10 22230 7
8 11 14570 2
8 12 31990 4
8 13 42345 8
8 14 23999 9
8 15 22100 16
8 16 19867 17
8 17 21620 3
8 18 48920 5
8 19 41760 8
8 20 32540 11
8 21 21380 13
8 22 18760 8
8 23 16540 2
8 24 15490 13
8 25 24590 5
8 26 23810 12
8 27 21780 4
8 28 17800 6
8 29 176800 7
8 30 3380 2
8 31 12340 4
8 32 15670 8
8 33 22230 9
8 34 14570 16
8 35 31990 17
8 36 42345 3
8 37 23999 5
8 38 22100 8
8 39 19867 11
8 40 21620 13
8 41 48920 8
8 42 41760 2
8 43 32540 13
8 44 21380 5
8 45 18760 12
8 46 16540 4
8 47 15490 6
8 48 24590 7
8 49 23810 2
8 50 21780 4
8 51 17800 8
8 52 176800 9
8 53 3380 16
8 54 12340 17
8 55 15670 3
8 56 22230 5
9 0 24590 13
9 1 23810 8
9 2 21780 2
9 3 17800 13
9 4 176800 5
9 5 3380 12
9 6 12340 4
9 7 15670 6
9 8 22230 7
9 10 31990 4
9 11 42345 8
9 12 23999 9
9 13 22100 16
9 14 19867 17
9 15 21620 3
9 16 48920 5
9 17 41760 8
9 18 32540 11
9 19 21380 13
9 20 18760 8
9 21 16540 2
9 22 15490 13
9 23 24590 5
9 24 23810 12
9 25 21780 4
9 26 17800 6
9 27 176800 7
9 28 3380 2
9 29 12340 4
9 30 15670 8
9 31 22230 9
9 32 14570 16
9 33 31990 17
9 34 42345 3
9 35 23999 5
9 36 22100 8
9 37 19867 11
9 38 21620 13
9 39 48920 8
9 40 41760 2
9 41 32540 13
9 42 21380 5
9 43 18760 12
9 44 16540 4
9 45 15490 6
9 46 24590 7
9 47 23810 2
9 48 21780 4
9 49 17800 8
9 50 176800 9
9 51 3380 16
9 52 12340 17
9 53 15670 3
9 54 22230 5
9 55 14570 8
9 56 31990 11
10 0 21780 2
10 1 17800 13
10 2 176800 5
10 3 3380 12
10 4 12340 4
10 5 15670 6
10 6 22230 7
10 7 14570 2
10 8 31990 4
10 9 42345 8
10 11 22100 16
10 12 19867 17
10 13 21620 3
10 14 48920 5
10 15 41760 8
10 16 32540 11
10 17 21380 13
10 18 18760 8
10 19 16540 2
10 20 15490 13
10 21 24590 5
10 22 23810 12
10 23 21780 4
10 24 17800 6
10 25 176800 7
10 26 3380 2
10 27 12340 4
10 28 15670 8
10 29 22230 9
10 30 14570 16
10 31 31990 17
10 32 42345 3
10 33 23999 5
10 34 22100 8
10 35 19867 11
10 36 21620 13
10 37 48920 8
10 38 41760 2
10 39 32540 13
10 40 21380 5
10 41 18760 12
10 42 16540 4
10 43 15490 6
10 44 24590 7
10 45 23810 2
10 46 21780 4
10 47 17800 8
10 48 176800 9
10 49 3380 16
10 50 12340 17
10 51 15670 3
10 52 22230 5
10 53 14570 8
10 54 31990 11
10 55 42345 13
10 56 23999 8
11 0 176800 5
11 1 3380 12
11 2 12340 4
11 3 15670 6
11 4 22230 7
11 5 14570 2
11 6 31990 4
11 7 42345 8
11 8 23999 9
11 9 22100 16
11 10 19867 17
11 12 48920 5
11 13 41760 8
11 14 32540 11
11 15 21380 13
11 16 18760 8
11 17 16540 2
11 18 15490 13
11 19 24590 5
11 20 23810 12
11 21 21780 4
11 22 17800 6
11 23 176800 7
11 24 3380 2
11 25 12340 4
11 26 15670 8
11 27 22230 9
11 28 14570 16
11 29 31990 17
11 30 42345 3
11 31 23999 5
11 32 22100 8
11 33 19867 11
11 34 21620 13
11 35 48920 8
11 36 41760 2
11 37 32540 13
11 38 21380 5
11 39 18760 12
11 40 16540 4
11 41 15490 6
11 42 24590 7
11 43 23810 2
11 44 21780 4
11 45 17800 8
11 46 176800 9
11 47 3380 16
11 48 12340 17
11 49 15670 3
11 50 22230 5
11 51 14570 8
11 52 31990 11
11 53 42345 13
11 54 23999 8
11 55 22100 2
11 56 19867 13
12 0 12340 4
12 1 15670 6
12 2 22230 7
12 3 14570 2
12 4 31990 4
12 5 42345 8
12 6 23999 9
12 7 22100 16
12 8 19867 17
12 9 21620 3
12 10 48920 5
12 11 41760 8
12 13 21380 13
12 14 18760 8
12 15 16540 2
12 16 15490 13
12 17 24590 5
12 18 23810 12
12 19 21780 4
12 20 17800 6
12 21 176800 7
12 22 3380 2
12 23 12340 4
12 24 15670 8
12 25 22230 9
12 26 14570 16
12 27 31990 17
12 28 42345 3
12 29 23999 5
12 30 22100 8
12 31 19867 11
12 32 21620 13
12 33 48920 8
12 34 41760 2
12 35 32540 13
12 36 21380 5
12 37 18760 12
12 38 16540 4
12 39 15490 6
12 40 24590 7
12 41 23810 2
12 42 21780 4
12 43 17800 8
12 44 176800 9
12 45 3380 16
12 46 12340 17
12 47 15670 3
12 48 22230 5
12 49 14570 8
12 50 31990 11
12 51 42345 13
12 52 23999 8
12 53 22100 2
12 54 19867 13
12 55 21620 5
12 56 48920 12
13 0 22230 7
13 1 14570 2
13 2 31990 4
13 3 42345 8
13 4 23999 9
13 5 22100 16
13 6 19867 17
13 7 21620 3
13 8 48920 5
13 9 41760 8
13 10 32540 11
13 11 21380 13
13 12 18760 8
13 14 15490 13
13 15 24590 5
13 16 23810 12
13 17 21780 4
13 18 17800 6
13 19 176800 7
13 20 3380 2
13 21 12340 4
13 22 15670 8
13 23 22230 9
13 24 14570 16
13 25 31990 17
13 26 42345 3
13 27 23999 5
13 28 22100 8
13 29 19867 11
13 30 21620 13
13 31 48920 8
13 32 41760 2
13 33 32540 13
13 34 21380 5
13 35 18760 12
13 36 16540 4
13 37 15490 6
13 38 24590 7
13 39 23810 2
13 40 21780 4
13 41 17800 8
13 42 176800 9
13 43 3380 16
13 44 12340 17
13 45 15670 3
13 46 22230 5
13 47 14570 8
13 48 31990 11
13 49 42345 13
13 50 23999 8
13 51 22100 2
13 52 19867 13
13 53 21620 5
13 54 48920 12
13 55 41760 4
13 56 32540 6
14 0 31990 4
14 1 42345 8
14 2 23999 9
14 3 22100 16
14 4 19867 17
14 5 21620 3
14 6 48920 5
14 7 41760 8
14 8 32540 11
14 9 21380 13
14 10 18760 8
14 11 16540 2
14 12 15490 13
14 13 24590 5
14 15 21780 4
14 16 17800 6
14 17 176800 7
14 18 3380 2
14 19 12340 4
14 20 15670 8
14 21 22230 9
14 22 14570 16
14 23 31990 17
14 24 42345 3
14 25 23999 5
14 26 22100 8
14 27 19867 11
14 28 21620 13
14 29 48920 8
14 30 41760 2
14 31 32540 13
14 32 21380 5
14 33 18760 12
14 34 16540 4
14 35 15490 6
14 36 24590 7
14 37 23810 2
14 38 21780 4
14 39 17800 8
14 40 176800 9
14 41 3380 16
14 42 12340 17
14 43 15670 3
14 44 22230 5
14 45 14570 8
14 46 31990 11
14 47 42345 13
14 48 23999 8
14 49 22100 2
14 50 19867 13
14 51 21620 5
14 52 48920 12
14 53 41760 4
14 54 32540 6
14 55 21380 7
14 56 18760 2
15 0 23999 9
15 1 22100 16
15 2 19867 17
15 3 21620 3
15 4 48920 5
15 5 41760 8
15 6 32540 11
15 7 21380 13
15 8 18760 8
15 9 16540 2
15 10 15490 13
15 11 24590 5
15 12 23810 12
15 13 21780 4
15 14 17800 6
15 16 3380 2
15 17 12340 4
15 18 15670 8
15 19 22230 9
15 20 14570 16
15 21 31990 17
15 22 42345 3
15 23 23999 5
15 24 22100 8
15 25 19867 11
15 26 21620 13
15 27 48920 8
15 28 41760 2
15 29 32540 13
15 30 21380 5
15 31 18760 12
15 32 16540 4
15 33 15490 6
15 34 24590 7
15 35 23810 2
15 36 21780 4
15 37 17800 8
15 38 176800 9
15 39 3380 16
15 40 12340 17
15 41 15670 3
15 42 22230 5
15 43 14570 8
15 44 31990 11
15 45 42345 13
15 46 23999 8
15 47 22100 2
15 48 19867 13
15 49 21620 5
15 50 48920 12
15 51 41760 4
15 52 32540 6
15 53 21380 7
15 54 18760 2
15 55 16540 4
15 56 15490 8
16 0 19867 17
16 1 21620 3
16 2 48920 5
16 3 41760 8
16 4 32540 11
16 5 21380 13
16 6 18760 8
16 7 16540 2
16 8 15490 13
16 9 24590 5
16 10 23810 12
16 11 21780 4
16 12 17800 6
16 13 176800 7
16 14 3380 2
16 15 12340 4
16 17 22230 9
16 18 14570 16
16 19 31990 17
16 20 42345 3
16 21 23999 5
16 22 22100 8
16 23 19867 11
16 24 21620 13
16 25 48920 8
16 26 41760 2
16 27 32540 13
16 28 21380 5
16 29 18760 12
16 30 16540 4
16 31 15490 6
16 32 24590 7
16 33 23810 2
16 34 21780 4
16 35 17800 8
16 36 176800 9
16 37 3380 16
16 38 12340 17
16 39 15670 3
16 40 22230 5
16 41 14570 8
16 42 31990 11
16 43 42345 13
16 44 23999 8
16 45 22100 2
16 46 19867 13
16 47 21620 5
16 48 48920 12
16 49 41760 4
16 50 32540 6
16 51 21380 7
16 52 18760 2
16 53 16540 4
16 54 15490 8
16 55 24590 9
16 56 23810 16
17 0 48920 5
17 1 41760 8
17 2 32540 11
17 3 21380 13
17 4 18760 8
17 5 16540 2
17 6 15490 13
17 7 24590 5
17 8 23810 12
17 9 21780 4
17 10 17800 6
17 11 176800 7
17 12 3380 2
17 13 12340 4
17 14 15670 8
17 15 22230 9
17 16 14570 16
17 18 42345 3
17 19 23999 5
17 20 22100 8
17 21 19867 11
17 22 21620 13
17 23 48920 8
17 24 41760 2
17 25 32540 13
17 26 21380 5
17 27 18760 12
17 28 16540 4
17 29 15490 6
17 30 24590 7
17 31 23810 2
17 32 21780 4
17 33 17800 8
17 34 176800 9
17 35 3380 16
17 36 12340 17
17 37 15670 3
17 38 22230 5
17 39 14570 8
17 40 31990 11
17 41 42345 13
17 42 23999 8
17 43 22100 2
17 44 19867 13
17 45 21620 5
17 46 48920 12
17 47 41760 4
17 48 32540 6
17 49 21380 7
17 50 18760 2
17 51 16540 4
17 52 15490 8
17 53 24590 9
17 54 23810 16
17 55 21780 17
17 56 17800 3
18 0 32540 11
18 1 21380 13
18 2 18760 8
18 3 16540 2
18 4 15490 13
18 5 24590 5
18 6 23810 12
18 7 21780 4
18 8 17800 6
18 9 176800 7
18 10 3380 2
18 11 12340 4
18 12 15670 8
18 13 22230 9
18 14 14570 16
18 15 31990 17
18 16 42345 3
18 17 23999 5
18 19 19867 11
18 20 21620 13
18 21 48920 8
18 22 41760 2
18 23 32540 13
18 24 21380 5
18 25 18760 12
18 26 16540 4
18 27 15490 6
18 28 24590 7
18 29 23810 2
18 30 21780 4
18 31 17800 8
18 32 176800 9
18 33 3380 16
18 34 12340 17
18 35 15670 3
18 36 22230 5
18 37 14570 8
18 38 31990 11
18 39 42345 13
18 40 23999 8
18 41 22100 2
18 42 19867 13
18 43 21620 5
18 44 48920 12
18 45 41760 4
18 46 32540 6
18 47 21380 7
18 48 18760 2
18 49 16540 4
18 50 15490 8
18 51 24590 9
18 52 23810 16
18 53 21780 17
18 54 17800 3
18 55 176800 5
18 56 3380 8
19 0 18760 8
19 1 16540 2
19 2 15490 13
19 3 24590 5
19 4 23810 12
19 5 21780 4
19 6 17800 6
19 7 176800 7
19 8 3380 2
19 9 12340 4
19 10 15670 8
19 11 22230 9
19 12 14570 16
19 13 31990 17
19 14 42345 3
19 15 23999 5
19 16 22100 8
19 17 19867 11
19 18 21620 13
19 20 41760 2
19 21 32540 13
19 22 21380 5
19 23 18760 12
19 24 16540 4
19 25 15490 6
19 26 24590 7
19 27 23810 2
19 28 21780 4
19 29 17800 8
19 30 176800 9
19 31 3380 16
19 32 12340 17
19 33 15670 3
19 34 22230 5
19 35 14570 8
19 36 31990 11
19 37 42345 13
19 38 23999 8
19 39 22100 2
19 40 19867 13
19 41 21620 5
19 42 48920 12
19 43 41760 4
19 44 32540 6
19 45 21380 7
19 46 18760 2
19 47 16540 4
19 48 15490 8
19 49 24590 9
19 50 23810 16
19 51 21780 17
19 52 17800 3
19 53 176800 5
19 54 3380 8
19 55 12340 11
19 56 15670 13
20 0 15490 13
20 1 24590 5
20 2 23810 12
20 3 21780 4
20 4 17800 6
20 5 176800 7
20 6 3380 2
20 7 12340 4
20 8 15670 8
20 9 22230 9
20 10 14570 16
20 11 31990 17
20 12 42345 3
20 13 23999 5
20 14 22100 8
20 15 19867 11
20 16 21620 13
20 17 48920 8
20 18 41760 2
20 19 32540 13
20 21 18760 12
20 22 16540 4
20 23 15490 6
20 24 24590 7
20 25 23810 2
20 26 21780 4
20 27 17800 8
20 28 176800 9
20 29 3380 16
20 30 12340 17
20 31 15670 3
20 32 22230 5
20 33 14570 8
20 34 31990 11
20 35 42345 13
20 36 23999 8
20 37 22100 2
20 38 19867 13
20 39 21620 5
20 40 48920 12
20 41 41760 4
20 42 32540 6
20 43 21380 7
20 44 18760 2
20 45 16540 4
20 46 15490 8
20 47 24590 9
20 48 23810 16
20 49 21780 17
20 50 17800 3
20 51 176800 5
20 52 3380 8
20 53 12340 11
20 54 15670 13
20 55 22230 8
20 56 14570 2
21 0 23810 12
21 1 21780 4
21 2 17800 6
21 3 176800 7
21 4 3380 2
21 5 12340 4
21 6 15670 8
21 7 22230 9
21 8 14570 16
21 9 31990 17
21 10 42345 3
21 11 23999 5
21 12 22100 8
21 13 19867 11
21 14 21620 13
21 15 48920 8
21 16 41760 2
21 17 32540 13
21 18 21380 5
21 19 18760 12
21 20 16540 4
21 22 24590 7
21 23 23810 2
21 24 21780 4
21 25 17800 8
21 26 176800 9
21 27 3380 16
21 28 12340 17
21 29 15670 3
21 30 22230 5
21 31 14570 8
21 32 31990 11
21 33 42345 13
21 34 23999 8
21 35 22100 2
21 36 19867 13
21 37 21620 5
21 38 48920 12
21 39 41760 4
21 40 32540 6
21 41 21380 7
21 42 18760 2
21 43 16540 4
21 44 15490 8
21 45 24590 9
21 46 23810 16
21 47 21780 17
21 48 17800 3
21 49 176800 5
21 50 3380 8
21 51 12340 11
21 52 15670 13
21 53 22230 8
21 54 14570 2
21 55 31990 13
21 56 42345 5
22 0 17800 6
22 1 176800 7
22 2 3380 2
22 3 12340 4
22 4 15670 8
22 5 22230 9
22 6 14570 16
22 7 31990 17
22 8 42345 3
22 9 23999 5
22 10 22100 8
22 11 19867 11
22 12 21620 13
22 13 48920 8
22 14 41760 2
22 15 32540 13
22 16 21380 5
22 17 18760 12
22 18 16540 4
22 19 15490 6
22 20 24590 7
22 21 23810 2
22 23 17800 8
22 24 176800 9
22 25 3380 16
22 26 12340 17
22 27 15670 3
22 28 22230 5
22 29 14570 8
22 30 31990 11
22 31 42345 13
22 32 23999 8
22 33 22100 2
22 34 19867 13
22 35 21620 5
22 36 48920 12
22 37 41760 4
22 38 32540 6
22 39 21380 7
22 40 18760 2
22 41 16540 4
22 42 15490 8
22 43 24590 9
22 44 23810 16
22 45 21780 17
22 46 17800 3
22 47 176800 5
22 48 3380 8
22 49 12340 11
22 50 15670 13
22 51 22230 8
22 52 14570 2
22 53 31990 13
22 54 42345 5
22 55 23999 12
22 56 22100 4
23 0 3380 2
23 1 12340 4
23 2 15670 8
23 3 22230 9
23 4 14570 16
23 5 31990 17
23 6 42345 3
23 7 23999 5
23 8 22100 8
23 9 19867 11
23 10 21620 13
23 11 48920 8
23 12 41760 2
23 13 32540 13
23 14 21380 5
23 15 18760 12
23 16 16540 4
23 17 15490 6
23 18 24590 7
23 19 23810 2
23 20 21780 4
23 21 17800 8
23 22 176800 9
23 24 12340 17
23 25 15670 3
23 26 22230 5
23 27 14570 8
23 28 31990 11
23 29 42345 13
23 30 23999 8
23 31 22100 2
23 32 19867 13
23 33 21620 5
23 34 48920 12
23 35 41760 4
23 36 32540 6
23 37 21380 7
23 38 18760 2
23 39 16540 4
23 40 15490 8
23 41 24590 9
23 42 23810 16
23 43 21780 17
23 44 17800 3
23 45 176800 5
23 46 3380 8
23 47 12340 11
23 48 15670 13
23 49 22230 8
23 50 14570 2
23 51 31990 13
23 52 42345 5
23 53 23999 12
23 54 22100 4
23 55 19867 6
23 56 21620 7
24 0 15670 8
24 1 22230 9
24 2 14570 16
24 3 31990 17
24 4 42345 3
24 5 23999 5
24 6 22100 8
24 7 19867 11
24 8 21620 13
24 9 48920 8
24 10 41760 2
24 11 32540 13
24 12 21380 5
24 13 18760 12
24 14 16540 4
24 15 15490 6
24 16 24590 7
24 17 23810 2
24 18 21780 4
24 19 17800 8
24 20 176800 9
24 21 3380 16
24 22 12340 17
24 23 15670 3
24 25 14570 8
24 26 31990 11
24 27 42345 13
24 28 23999 8
24 29 22100 2
24 30 19867 13
24 31 21620 5
24 32 48920 12
24 33 41760 4
24 34 32540 6
24 35 21380 7
24 36 18760 2
24 37 16540 4
24 38 15490 8
24 39 24590 9
24 40 23810 16
24 41 21780 17
24 42 17800 3
24 43 176800 5
24 44 3380 8
24 45 12340 11
24 46 15670 13
24 47 22230 8
24 48 14570 2
24 49 31990 13
24 50 42345 5
24 51 23999 12
24 52 22100 4
24 53 19867 6
24 54 21620 7
24 55 48920 2
24 56 41760 4
25 0 14570 16
25 1 31990 17
25 2 42345 3
25 3 23999 5
25 4 22100 8
25 5 19867 11
25 6 21620 13
25 7 48920 8
25 8 41760 2
25 9 32540 13
25 10 21380 5
25 11 18760 12
25 12 16540 4
25 13 15490 6
25 14 24590 7
25 15 23810 2
25 16 21780 4
25 17 17800 8
25 18 176800 9
25 19 3380 16
25 20 12340 17
25 21 15670 3
25 22 22230 5
25 23 14570 8
25 24 31990 11
25 26 23999 8
25 27 22100 2
25 28 19867 13
25 29 21620 5
25 30 48920 12
25 31 41760 4
25 32 32540 6
25 33 21380 7
25 34 18760 2
25 35 16540 4
25 36 15490 8
25 37 24590 9
25 38 23810 16
25 39 21780 17
25 40 17800 3
25 41 176800 5
25 42 3380 8
25 43 12340 11
25 44 15670 13
25 45 22230 8
25 46 14570 2
25 47 31990 13
25 48 42345 5
25 49 23999 12
25 50 22100 4
25 51 19867 6
25 52 21620 7
25 53 48920 2
25 54 41760 4
25 55 32540 8
25 56 21380 9
26 0 42345 3
26 1 23999 5
26 2 22100 8
26 3 19867 11
26 4 21620 13
26 5 48920 8
26 6 41760 2
26 7 32540 13
26 8 21380 5
26 9 18760 12
26 10 16540 4
26 11 15490 6
26 12 24590 7
26 13 23810 2
26 14 21780 4
26 15 17800 8
26 16 176800 9
26 17 3380 16
26 18 12340 17
26 19 15670 3
26 20 22230 5
26 21 14570 8
26 22 31990 11
26 23 42345 13
26 24 23999 8
26 25 22100 2
26 27 21620 5
26 28 48920 12
26 29 41760 4
26 30 32540 6
26 31 21380 7
26 32 18760 2
26 33 16540 4
26 34 15490 8
26 35 24590 9
26 36 23810 16
26 37 21780 17
26 38 17800 3
26 39 176800 5
26 40 3380 8
26 41 12340 11
26 42 15670 13
26 43 22230 8
26 44 14570 2
26 45 31990 13
26 46 42345 5
26 47 23999 12
26 48 22100 4
26 49 19867 6
26 50 21620 7
26 51 48920 2
26 52 41760 4
26 53 32540 8
26 54 21380 9
26 55 18760 16
26 56 16540 17
27 0 22100 8
27 1 19867 11
27 2 21620 13
27 3 48920 8
27 4 41760 2
27 5 32540 13
27 6 21380 5
27 7 18760 12
27 8 16540 4
27 9 15490 6
27 10 24590 7
27 11 23810 2
27 12 21780 4
27 13 17800 8
27 14 176800 9
27 15 3380 16
27 16 12340 17
27 17 15670 3
27 18 22230 5
27 19 14570 8
27 20 31990 11
27 21 42345 13
27 22 23999 8
27 23 22100 2
27 24 19867 13
27 25 21620 5
27 26 48920 12
27 28 32540 6
27 29 21380 7
27 30 18760 2
27 31 16540 4
27 32 15490 8
27 33 24590 9
27 34 23810 16
27 35 21780 17
27 36 17800 3
27 37 176800 5
27 38 3380 8
27 39 12340 11
27 40 15670 13
27 41 22230 8
27 42 14570 2
27 43 31990 13
27 44 42345 5
27 45 23999 12
27 46 22100 4
27 47 19867 6
27 48 21620 7
27 49 48920 2
27 50 41760 4
27 51 32540 8
27 52 21380 9
27 53 18760 16
27 54 16540 17
27 55 15490 3
27 56 24590 5
28 0 21620 13
28 1 48920 8
28 2 41760 2
28 3 32540 13
28 4 21380 5
28 5 18760 12
28 6 16540 4
28 7 15490 6
28 8 24590 7
28 9 23810 2
28 10 21780 4
28 11 17800 8
28 12 176800 9
28 13 3380 16
28 14 12340 17
28 15 15670 3
28 16 22230 5
28 17 14570 8
28 18 31990 11
28 19 42345 13
28 20 23999 8
28 21 22100 2
28 22 19867 13
28 23 21620 5
28 24 48920 12
28 25 41760 4
28 26 32540 6
28 27 21380 7
28 29 16540 4
28 30 15490 8
28 31 24590 9
28 32 23810 16
28 33 21780 17
28 34 17800 3
28 35 176800 5
28 36 3380 8
28 37 12340 11
28 38 15670 13
28 39 22230 8
28 40 14570 2
28 41 31990 13
28 42 42345 5
28 43 23999 12
28 44 22100 4
28 45 19867 6
28 46 21620 7
28 47 48920 2
28 48 41760 4
28 49 32540 8
28 50 21380 9
28 51 18760 16
28 52 16540 17
28 53 15490 3
28 54 24590 5
28 55 23810 8
28 56 21780 11
29 0 41760 2
29 1 32540 13
29 2 21380 5
29 3 18760 12
29 4 16540 4
29 5 15490 6
29 6 24590 7
29 7 23810 2
29 8 21780 4
29 9 17800 8
29 10 176800 9
29 11 3380 16
29 12 12340 17
29 13 15670 3
29 14 22230 5
29 15 14570 8
29 16 31990 11
29 17 42345 13
29 18 23999 8
29 19 22100 2
29 20 19867 13
29 21 21620 5
29 22 48920 12
29 23 41760 4
29 24 32540 6
29 25 21380 7
29 26 18760 2
29 27 16540 4
29 28 15490 8
29 30 23810 16
29 31 21780 17
29 32 17800 3
29 33 176800 5
29 34 3380 8
29 35 12340 11
29 36 15670 13
29 37 22230 8
29 38 14570 2
29 39 31990 13
29 40 42345 5
29 41 23999 12
29 42 22100 4
29 43 19867 6
29 44 21620 7
29 45 48920 2
29 46 41760 4
29 47 32540 8
29 48 21380 9
29 49 18760 16
29 50 16540 17
29 51 15490 3
29 52 24590 5
29 53 23810 8
29 54 21780 11
29 55 17800 13
29 56 176800 8
30 0 21380 5
30 1 18760 12
30 2 16540 4
30 3 15490 6
30 4 24590 7
30 5 23810 2
30 6 21780 4
30 7 17800 8
30 8 176800 9
30 9 3380 16
30 10 12340 17
30 11 15670 3
30 12 22230 5
30 13 14570 8
30 14 31990 11
30 15 42345 13
30 16 23999 8
30 17 22100 2
30 18 19867 13
30 19 21620 5
30 20 48920 12
30 21 41760 4
30 22 32540 6
30 23 21380 7
30 24 18760 2
30 25 16540 4
30 26 15490 8
30 27 24590 9
30 28 23810 16
30 29 21780 17
30 31 176800 5
30 32 3380 8
30 33 12340 11
30 34 15670 13
30 35 22230 8
30 36 14570 2
30 37 31990 13
30 38 42345 5
30 39 23999 12
30 40 22100 4
30 41 19867 6
30 42 21620 7
30 43 48920 2
30 44 41760 4
30 45 32540 8
30 46 21380 9
30 47 18760 16
30 48 16540 17
30 49 15490 3
30 50 24590 5
30 51 23810 8
30 52 21780 11
30 53 17800 13
30 54 176800 8
30 55 3380 2
30 56 12340 13
31 0 16540 4
31 1 15490 6
31 2 24590 7
31 3 23810 2
31 4 21780 4
31 5 17800 8
31 6 176800 9
31 7 3380 16
31 8 12340 17
31 9 15670 3
31 10 22230 5
31 11 14570 8
31 12 31990 11
31 13 42345 13
31 14 23999 8
31 15 22100 2
31 16 19867 13
31 17 21620 5
31 18 48920 12
31 19 41760 4
31 20 32540 6
31 21 21380 7
31 22 18760 2
31 23 16540 4
31 24 15490 8
31 25 24590 9
31 26 23810 16
31 27 21780 17
31 28 17800 3
31 29 176800 5
31 30 3380 8
31 32 15670 13
31 33 22230 8
31 34 14570 2
31 35 31990 13
31 36 42345 5
31 37 23999 12
31 38 22100 4
31 39 19867 6
31 40 21620 7
31 41 48920 2
31 42 41760 4
31 43 32540 8
31 44 21380 9
31 45 18760 16
31 46 16540 17
31 47 15490 3
31 48 24590 5
31 49 23810 8
31 50 21780 11
31 51 17800 13
31 52 176800 8
31 53 3380 2
31 54 12340 13
31 55 15670 5
31 56 22230 12
32 0 24590 7
32 1 23810 2
32 2 21780 4
32 3 17800 8
32 4 176800 9
32 5 3380 16
32 6 12340 17
32 7 15670 3
32 8 22230 5
32 9 14570 8
32 10 31990 11
32 11 42345 13
32 12 23999 8
32 13 22100 2
32 14 19867 13
32 15 21620 5
32 16 48920 12
32 17 41760 4
32 18 32540 6
32 19 21380 7
32 20 18760 2
32 21 16540 4
32 22 15490 8
32 23 24590 9
32 24 23810 16
32 25 21780 17
32 26 17800 3
32 27 176800 5
32 28 3380 8
32 29 12340 11
32 30 15670 13
32 31 22230 8
32 33 31990 13
32 34 42345 5
32 35 23999 12
32 36 22100 4
32 37 19867 6
32 38 21620 7
32 39 48920 2
32 40 41760 4
32 41 32540 8
32 42 21380 9
32 43 18760 16
32 44 16540 17
32 45 15490 3
32 46 24590 5
32 47 23810 8
32 48 21780 11
32 49 17800 13
32 50 176800 8
32 51 3380 2
32 52 12340 13
32 53 15670 5
32 54 22230 12
32 55 14570 4
32 56 31990 6
33 0 21780 4
33 1 17800 8
33 2 176800 9
33 3 3380 16
33 4 12340 17
33 5 15670 3
33 6 22230 5
33 7 14570 8
33 8 31990 11
33 9 42345 13
33 10 23999 8
33 11 22100 2
33 12 19867 13
33 13 21620 5
33 14 48920 12
33 15 41760 4
33 16 32540 6
33 17 21380 7
33 18 18760 2
33 19 16540 4
33 20 15490 8
33 21 24590 9
33 22 23810 16
33 23 21780 17
33 24 17800 3
33 25 176800 5
33 26 3380 8
33 27 12340 11
33 28 15670 13
33 29 22230 8
33 30 14570 2
33 31 31990 13
33 32 42345 5
33 34 22100 4
33 35 19867 6
33 36 21620 7
33 37 48920 2
33 38 41760 4
33 39 32540 8
33 40 21380 9
33 41 18760 16
33 42 16540 17
33 43 15490 3
33 44 24590 5
33 45 23810 8
33 46 21780 11
33 47 17800 13
33 48 176800 8
33 49 3380 2
33 50 12340 13
33 51 15670 5
33 52 22230 12
33 53 14570 4
33 54 31990 6
33 55 42345 7
33 56 23999 2
34 0 176800 9
34 1 3380 16
34 2 12340 17
34 3 15670 3
34 4 22230 5
34 5 14570 8
34 6 31990 11
34 7 42345 13
34 8 23999 8
34 9 22100 2
34 10 19867 13
34 11 21620 5
34 12 48920 12
34 13 41760 4
34 14 32540 6
34 15 21380 7
34 16 18760 2
34 17 16540 4
34 18 15490 8
34 19 24590 9
34 20 23810 16
34 21 21780 17
34 22 17800 3
34 23 176800 5
34 24 3380 8
34 25 12340 11
34 26 15670 13
34 27 22230 8
34 28 14570 2
34 29 31990 13
34 30 42345 5
34 31 23999 12
34 32 22100 4
34 33 19867 6
34 35 48920 2
34 36 41760 4
34 37 32540 8
34 38 21380 9
34 39 18760 16
34 40 16540 17
34 41 15490 3
34 42 24590 5
34 43 23810 8
34 44 21780 11
34 45 17800 13
34 46 176800 8
34 47 3380 2
34 48 12340 13
34 49 15670 5
34 50 22230 12
34 51 14570 4
34 52 31990 6
34 53 42345 7
34 54 23999 2
34 55 22100 4
34 56 19867 8
35 0 12340 17
35 1 15670 3
35 2 22230 5
35 3 14570 8
35 4 31990 11
35 5 42345 13
35 6 23999 8
35 7 22100 2
35 8 19867 13
35 9 21620 5
35 10 48920 12
35 11 41760 4
35 12 32540 6
35 13 21380 7
35 14 18760 2
35 15 16540 4
35 16 15490 8
35 17 24590 9
35 18 23810 16
35 19 21780 17
35 20 17800 3
35 21 176800 5
35 22 3380 8
35 23 12340 11
35 24 15670 13
35 25 22230 8
35 26 14570 2
35 27 31990 13
35 28 42345 5
35 29 23999 12
35 30 22100 4
35 31 19867 6
35 32 21620 7
35 33 48920 2
35 34 41760 4
35 36 21380 9
35 37 18760 16
35 38 16540 17
35 39 15490 3
35 40 24590 5
35 41 23810 8
35 42 21780 11
35 43 17800 13
35 44 176800 8
35 45 3380 2
35 46 12340 13
35 47 15670 5
35 48 22230 12
35 49 14570 4
35 50 31990 6
35 51 42345 7
35 52 23999 2
35 53 22100 4
35 54 19867 8
35 55 21620 9
35 56 48920 16
36 0 22230 5
36 1 14570 8
36 2 31990 11
36 3 42345 13
36 4 23999 8
36 5 22100 2
36 6 19867 13
36 7 21620 5
36 8 48920 12
36 9 41760 4
36 10 32540 6
36 11 21380 7
36 12 18760 2
36 13 16540 4
36 14 15490 8
36 15 24590 9
36 16 23810 16
36 17 21780 17
36 18 17800 3
36 19 176800 5
36 20 3380 8
36 21 12340 11
36 22 15670 13
36 23 22230 8
36 24 14570 2
36 25 31990 13
36 26 42345 5
36 27 23999 12
36 28 22100 4
36 29 19867 6
36 30 21620 7
36 31 48920 2
36 32 41760 4
36 33 32540 8
36 34 21380 9
36 35 18760 16
36 37 15490 3
36 38 24590 5
36 39 23810 8
36 40 21780 11
36 41 17800 13
36 42 176800 8
36 43 3380 2
36 44 12340 13
36 45 15670 5
36 46 22230 12
36 47 14570 4
36 48 31990 6
36 49 42345 7
36 50 23999 2
36 51 22100 4
36 52 19867 8
36 53 21620 9
36 54 48920 16
36 55 41760 17
36 56 32540 3
37 0 31990 11
37 1 42345 13
37 2 23999 8
37 3 22100 2
37 4 19867 13
37 5 21620 5
37 6 48920 12
37 7 41760 4
37 8 32540 6
37 9 21380 7
37 10 18760 2
37 11 16540 4
37 12 15490 8
37 13 24590 9
37 14 23810 16
37 15 21780 17
37 16 17800 3
37 17 176800 5
37 18 3380 8
37 19 12340 11
37 20 15670 13
37 21 22230 8
37 22 14570 2
37 23 31990 13
37 24 42345 5
37 25 23999 12
37 26 22100 4
37 27 19867 6
37 28 21620 7
37 29 48920 2
37 30 41760 4
37 31 32540 8
37 32 21380 9
37 33 18760 16
37 34 16540 17
37 35 15490 3
37 36 24590 5
37 38 21780 11
37 39 17800 13
37 40 176800 8
37 41 3380 2
37 42 12340 13
37 43 15670 5
37 44 22230 12
37 45 14570 4
37 46 31990 6
37 47 42345 7
37 48 23999 2
37 49 22100 4
37 50 19867 8
37 51 21620 9
37 52 48920 16
37 53 41760 17
37 54 32540 3
37 55 21380 5
37 56 18760 8
38 0 23999 8
38 1 22100 2
38 2 19867 13
38 3 21620 5
38 4 48920 12
38 5 41760 4
38 6 32540 6
38 7 21380 7
38 8 18760 2
38 9 16540 4
38 10 15490 8
38 11 24590 9
38 12 23810 16
38 13 21780 17
38 14 17800 3
38 15 176800 5
38 16 3380 8
38 17 12340 11
38 18 15670 13
38 19 22230 8
38 20 14570 2
38 21 31990 13
38 22 42345 5
38 23 23999 12
38 24 22100 4
38 25 19867 6
38 26 21620 7
38 27 48920 2
38 28 41760 4
38 29 32540 8
38 30 21380 9
38 31 18760 16
38 32 16540 17
38 33 15490 3
38 34 24590 5
38 35 23810 8
38 36 21780 11
38 37 17800 13
38 39 3380 2
38 40 12340 13
38 41 15670 5
38 42 22230 12
38 43 14570 4
38 44 31990 6
38 45 42345 7
38 46 23999 2
38 47 22100 4
38 48 19867 8
38 49 21620 9
38 50 48920 16
38 51 41760 17
38 52 32540 3
38 53 21380 5
38 54 18760 8
38 55 16540 11
38 56 15490 13
39 0 19867 13
39 1 21620 5
39 2 48920 12
39 3 41760 4
39 4 32540 6
39 5 21380 7
39 6 18760 2
39 7 16540 4
39 8 15490 8
39 9 24590 9
39 10 23810 16
39 11 21780 17
39 12 17800 3
39 13 176800 5
39 14 3380 8
39 15 12340 11
39 16 15670 13
39 17 22230 8
39 18 14570 2
39 19 31990 13
39 20 42345 5
39 21 23999 12
39 22 22100 4
39 23 19867 6
39 24 21620 7
39 25 48920 2
39 26 41760 4
39 27 32540 8
39 28 21380 9
39 29 18760 16
39 30 16540 17
39 31 15490 3
39 32 24590 5
39 33 23810 8
39 34 21780 11
39 35 17800 13
39 36 176800 8
39 37 3380 2
39 38 12340 13
39 40 22230 12
39 41 14570 4
39 42 31990 6
39 43 42345 7
39 44 23999 2
39 45 22100 4
39 46 19867 8
39 47 21620 9
39 48 48920 16
39 49 41760 17
39 50 32540 3
39 51 21380 5
39 52 18760 8
39 53 16540 11
39 54 15490 13
39 55 24590 8
39 56 23810 2
40 0 48920 12
40 1 41760 4
40 2 32540 6
40 3 21380 7
40 4 18760 2
40 5 16540 4
40 6 15490 8
40 7 24590 9
40 8 23810 16
40 9 21780 17
40 10 17800 3
40 11 176800 5
40 12 3380 8
40 13 12340 11
40 14 15670 13
40 15 22230 8
40 16 14570 2
40 17 31990 13
40 18 42345 5
40 19 23999 12
40 20 22100 4
40 21 19867 6
40 22 21620 7
40 23 48920 2
40 24 41760 4
40 25 32540 8
40 26 21380 9
40 27 18760 16
40 28 16540 17
40 29 15490 3
40 30 24590 5
40 31 23810 8
40 32 21780 11
40 33 17800 13
40 34 176800 8
40 35 3380 2
40 36 12340 13
40 37 15670 5
40 38 22230 12
40 39 14570 4
40 41 42345 7
40 42 23999 2
40 43 22100 4
40 44 19867 8
40 45 21620 9
40 46 48920 16
40 47 41760 17
40 48 32540 3
40 49 21380 5
40 50 18760 8
40 51 16540 11
40 52 15490 13
40 53 24590 8
40 54 23810 2
40 55 21780 13
40 56 17800 5
41 0 32540 6
41 1 21380 7
41 2 18760 2
41 3 16540 4
41 4 15490 8
41 5 24590 9
41 6 23810 16
41 7 21780 17
41 8 17800 3
41 9 176800 5
41 10 3380 8
41 11 12340 11
41 12 15670 13
41 13 22230 8
41 14 14570 2
41 15 31990 13
41 16 42345 5
41 17 23999 12
41 18 22100 4
41 19 19867 6
41 20 21620 7
41 21 48920 2
41 22 41760 4
41 23 32540 8
41 24 21380 9
41 25 18760 16
41 26 16540 17
41 27 15490 3
41 28 24590 5
41 29 23810 8
41 30 21780 11
41 31 17800 13
41 32 176800 8
41 33 3380 2
41 34 12340 13
41 35 15670 5
41 36 22230 12
41 37 14570 4
41 38 31990 6
41 39 42345 7
41 40 23999 2
41 42 19867 8
41 43 21620 9
41 44 48920 16
41 45 41760 17
41 46 32540 3
41 47 21380 5
41 48 18760 8
41 49 16540 11
41 50 15490 13
41 51 24590 8
41 52 23810 2
41 53 21780 13
41 54 17800 5
41 55 176800 12
41 56 3380 4
42 0 18760 2
42 1 16540 4
42 2 15490 8
42 3 24590 9
42 4 23810 16
42 5 21780 17
42 6 17800 3
42 7 176800 5
42 8 3380 8
42 9 12340 11
42 10 15670 13
42 11 22230 8
42 12 14570 2
42 13 31990 13
42 14 42345 5
42 15 23999 12
42 16 22100 4
42 17 19867 6
42 18 21620 7
42 19 48920 2
42 20 41760 4
42 21 32540 8
42 22 21380 9
42 23 18760 16
42 24 16540 17
42 25 15490 3
42 26 24590 5
42 27 23810 8
42 28 21780 11
42 29 17800 13
42 30 176800 8
42 31 3380 2
42 32 12340 13
42 33 15670 5
42 34 22230 12
42 35 14570 4
42 36 31990 6
42 37 42345 7
42 38 23999 2
42 39 22100 4
42 40 19867 8
42 41 21620 9
42 43 41760 17
42 44 32540 3
42 45 21380 5
42 46 18760 8
42 47 16540 11
42 48 15490 13
42 49 24590 8
42 50 23810 2
42 51 21780 13
42 52 17800 5
42 53 176800 12
42 54 3380 4
42 55 12340 6
42 56 15670 7
43 0 15490 8
43 1 24590 9
43 2 23810 16
43 3 21780 17
43 4 17800 3
43 5 176800 5
43 6 3380 8
43 7 12340 11
43 8 15670 13
43 9 22230 8
43 10 14570 2
43 11 31990 13
43 12 42345 5
43 13 23999 12
43 14 22100 4
43 15 19867 6
43 16 21620 7
43 17 48920 2
43 18 41760 4
43 19 32540 8
43 20 21380 9
43 21 18760 16
43 22 16540 17
43 23 15490 3
43 24 24590 5
43 25 23810 8
43 26 21780 11
43 27 17800 13
43 28 176800 8
43 29 3380 2
43 30 12340 13
43 31 15670 5
43 32 22230 12
43 33 14570 4
43 34 31990 6
43 35 42345 7
43 36 23999 2
43 37 22100 4
43 38 19867 8
43 39 21620 9
43 40 48920 16
43 41 41760 17
43 42 32540 3
43 44 18760 8
43 45 16540 11
43 46 15490 13
43 47 24590 8
43 48 23810 2
43 49 21780 13
43 50 17800 5
43 51 176800 12
43 52 3380 4
43 53 12340 6
43 54 15670 7
43 55 22230 2
43 56 14570 4
44 0 23810 16
44 1 21780 17
44 2 17800 3
44 3 176800 5
44 4 3380 8
44 5 12340 11
44 6 15670 13
44 7 22230 8
44 8 14570 2
44 9 31990 13
44 10 42345 5
44 11 23999 12
44 12 22100 4
44 13 19867 6
44 14 21620 7
44 15 48920 2
44 16 41760 4
44 17 32540 8
44 18 21380 9
44 19 18760 16
44 20 16540 17
44 21 15490 3
44 22 24590 5
44 23 23810 8
44 24 21780 11
44 25 17800 13
44 26 176800 8
44 27 3380 2
44 28 12340 13
44 29 15670 5
44 30 22230 12
44 31 14570 4
44 32 31990 6
44 33 42345 7
44 34 23999 2
44 35 22100 4
44 36 19867 8
44 37 21620 9
44 38 48920 16
44 39 41760 17
44 40 32540 3
44 41 21380 5
44 42 18760 8
44 43 16540 11
44 45 24590 8
44 46 23810 2
44 47 21780 13
44 48 17800 5
44 49 176800 12
44 50 3380 4
44 51 12340 6
44 52 15670 7
44 53 22230 2
44 54 14570 4
44 55 31990 8
44 56 42345 9
45 0 17800 3
45 1 176800 5
45 2 3380 8
45 3 12340 11
45 4 15670 13
45 5 22230 8
45 6 14570 2
45 7 31990 13
45 8 42345 5
45 9 23999 12
45 10 22100 4
45 11 19867 6
45 12 21620 7
45 13 48920 2
45 14 41760 4
45 15 32540 8
45 16 21380 9
45 17 18760 16
45 18 16540 17
45 19 15490 3
45 20 24590 5
45 21 23810 8
45 22 21780 11
45 23 17800 13
45 24 176800 8
45 25 3380 2
45 26 12340 13
45 27 15670 5
45 28 22230 12
45 29 14570 4
45 30 31990 6
45 31 42345 7
45 32 23999 2
45 33 22100 4
45 34 19867 8
45 35 21620 9
45 36 48920 16
45 37 41760 17
45 38 32540 3
45 39 21380 5
45 40 18760 8
45 41 16540 11
45 42 15490 13
45 43 24590 8
45 44 23810 2
45 46 17800 5
45 47 176800 12
45 48 3380 4
45 49 12340 6
45 50 15670 7
45 51 22230 2
45 52 14570 4
45 53 31990 8
45 54 42345 9
45 55 23999 16
45 56 22100 17
46 0 3380 8
46 1 12340 11
46 2 15670 13
46 3 22230 8
46 4 14570 2
46 5 31990 13
46 6 42345 5
46 7 23999 12
46 8 22100 4
46 9 19867 6
46 10 21620 7
46 11 48920 2
46 12 41760 4
46 13 32540 8
46 14 21380 9
46 15 18760 16
46 16 16540 17
46 17 15490 3
46 18 24590 5
46 19 23810 8
46 20 21780 11
46 21 17800 13
46 22 176800 8
46 23 3380 2
46 24 12340 13
46 25 15670 5
46 26 22230 12
46 27 14570 4
46 28 31990 6
46 29 42345 7
46 30 23999 2
46 31 22100 4
46 32 19867 8
46 33 21620 9
46 34 48920 16
46 35 41760 17
46 36 32540 3
46 37 21380 5
46 38 18760 8
46 39 16540 11
46 40 15490 13
46 41 24590 8
46 42 23810 2
46 43 21780 13
46 44 17800 5
46 45 176800 12
46 47 12340 6
46 48 15670 7
46 49 22230 2
46 50 14570 4
46 51 31990 8
46 52 42345 9
46 53 23999 16
46 54 22100 17
46 55 19867 3
46 56 21620 5
47 0 15670 13
47 1 22230 8
47 2 14570 2
47 3 31990 13
47 4 42345 5
47 5 23999 12
47 6 22100 4
47 7 19867 6
47 8 21620 7
47 9 48920 2
47 10 41760 4
47 11 32540 8
47 12 21380 9
47 13 18760 16
47 14 16540 17
47 15 15490 3
47 16 24590 5
47 17 23810 8
47 18 21780 11
47 19 17800 13
47 20 176800 8
47 21 3380 2
47 22 12340 13
47 23 15670 5
47 24 22230 12
47 25 14570 4
47 26 31990 6
47 27 42345 7
47 28 23999 2
47 29 22100 4
47 30 19867 8
47 31 21620 9
47 32 48920 16
47 33 41760 17
47 34 32540 3
47 35 21380 5
47 36 18760 8
47 37 16540 11
47 38 15490 13
47 39 24590 8
47 40 23810 2
47 41 21780 13
47 42 17800 5
47 43 176800 12
47 44 3380 4
47 45 12340 6
47 46 15670 7
47 48 14570 4
47 49 31990 8
47 50 42345 9
47 51 23999 16
47 52 22100 17
47 53 19867 3
47 54 21620 5
47 55 48920 8
47 56 41760 11
48 0 14570 2
48 1 31990 13
48 2 42345 5
48 3 23999 12
48 4 22100 4
48 5 19867 6
48 6 21620 7
48 7 48920 2
48 8 41760 4
48 9 32540 8
48 10 21380 9
48 11 18760 16
48 12 16540 17
48 13 15490 3
48 14 24590 5
48 15 23810 8
48 16 21780 11
48 17 17800 13
48 18 176800 8
48 19 3380 2
48 20 12340 13
48 21 15670 5
48 22 22230 12
48 23 14570 4
48 24 31990 6
48 25 42345 7
48 26 23999 2
48 27 22100 4
48 28 19867 8
48 29 21620 9
48 30 48920 16
48 31 41760 17
48 32 32540 3
48 33 21380 5
48 34 18760 8
48 35 16540 11
48 36 15490 13
48 37 24590 8
48 38 23810 2
48 39 21780 13
48 40 17800 5
48 41 176800 12
48 42 3380 4
48 43 12340 6
48 44 15670 7
48 45 22230 2
48 46 14570 4
48 47 31990 8
48 49 23999 16
48 50 22100 17
48 51 19867 3
48 52 21620 5
48 53 48920 8
48 54 41760 11
48 55 32540 13
48 56 21380 8
49 0 42345 5
49 1 23999 12
49 2 22100 4
49 3 19867 6
49 4 21620 7
49 5 48920 2
49 6 41760 4
49 7 32540 8
49 8 21380 9
49 9 18760 16
49 10 16540 17
49 11 15490 3
49 12 24590 5
49 13 23810 8
49 14 21780 11
49 15 17800 13
49 16 176800 8
49 17 3380 2
49 18 12340 13
49 19 15670 5
49 20 22230 12
49 21 14570 4
49 22 31990 6
49 23 42345 7
49 24 23999 2
49 25 22100 4
49 26 19867 8
49 27 21620 9
49 28 48920 16
49 29 41760 17
49 30 32540 3
49 31 21380 5
49 32 18760 8
49 33 16540 11
49 34 15490 13
49 35 24590 8
49 36 23810 2
49 37 21780 13
49 38 17800 5
49 39 176800 12
49 40 3380 4
49 41 12340 6
49 42 15670 7
49 43 22230 2
49 44 14570 4
49 45 31990 8
49 46 42345 9
49 47 23999 16
49 48 22100 17
49 50 21620 5
49 51 48920 8
49 52 41760 11
49 53 32540 13
49 54 21380 8
49 55 18760 2
49 56 16540 13
50 0 22100 4
50 1 19867 6
50 2 21620 7
50 3 48920 2
50 4 41760 4
50 5 32540 8
50 6 21380 9
50 7 18760 16
50 8 16540 17
50 9 15490 3
50 10 24590 5
50 11 23810 8
50 12 21780 11
50 13 17800 13
50 14 176800 8
50 15 3380 2
50 16 12340 13
50 17 15670 5
50 18 22230 12
50 19 14570 4
50 20 31990 6
50 21 42345 7
50 22 23999 2
50 23 22100 4
50 24 19867 8
50 25 21620 9
50 26 48920 16
50 27 41760 17
50 28 32540 3
50 29 21380 5
50 30 18760 8
50 31 16540 11
50 32 15490 13
50 33 24590 8
50 34 23810 2
50 35 21780 13
50 36 17800 5
50 37 176800 12
50 38 3380 4
50 39 12340 6
50 40 15670 7
50 41 22230 2
50 42 14570 4
50 43 31990 8
50 44 42345 9
50 45 23999 16
50 46 22100 17
50 47 19867 3
50 48 21620 5
50 49 48920 8
50 51 32540 13
50 52 21380 8
50 53 18760 2
50 54 16540 13
50 55 15490 5
50 56 24590 12
51 0 21620 7
51 1 48920 2
51 2 41760 4
51 3 32540 8
51 4 21380 9
51 5 18760 16
51 6 16540 17
51 7 15490 3
51 8 24590 5
51 9 23810 8
51 10 21780 11
51 11 17800 13
51 12 176800 8
51 13 3380 2
51 14 12340 13
51 15 15670 5
51 16 22230 12
51 17 14570 4
51 18 31990 6
51 19 42345 7
51 20 23999 2
51 21 22100 4
51 22 19867 8
51 23 21620 9
51 24 48920 16
51 25 41760 17
51 26 32540 3
51 27 21380 5
51 28 18760 8
51 29 16540 11
51 30 15490 13
51 31 24590 8
51 32 23810 2
51 33 21780 13
51 34 17800 5
51 35 176800 12
51 36 3380 4
51 37 12340 6
51 38 15670 7
51 39 22230 2
51 40 14570 4
51 41 31990 8
51 42 42345 9
51 43 23999 16
51 44 22100 17
51 45 19867 3
51 46 21620 5
51 47 48920 8
51 48 41760 11
51 49 32540 13
51 50 21380 8
51 52 16540 13
51 53 15490 5
51 54 24590 12
51 55 23810 4
51 56 21780 6
52 0 41760 4
52 1 32540 8
52 2 21380 9
52 3 18760 16
52 4 16540 17
52 5 15490 3
52 6 24590 5
52 7 23810 8
52 8 21780 11
52 9 17800 13
52 10 176800 8
52 11 3380 2
52 12 12340 13
52 13 15670 5
52 14 22230 12
52 15 14570 4
52 16 31990 6
52 17 42345 7
52 18 23999 2
52 19 22100 4
52 20 19867 8
52 21 21620 9
52 22 48920 16
52 23 41760 17
52 24 32540 3
52 25 21380 5
52 26 18760 8
52 27 16540 11
52 28 15490 13
52 29 24590 8
52 30 23810 2
52 31 21780 13
52 32 17800 5
52 33 176800 12
52 34 3380 4
52 35 12340 6
52 36 15670 7
52 37 22230 2
52 38 14570 4
52 39 31990 8
52 40 42345 9
52 41 23999 16
52 42 22100 17
52 43 19867 3
52 44 21620 5
52 45 48920 8
52 46 41760 11
52 47 32540 13
52 48 21380 8
52 49 18760 2
52 50 16540 13
52 51 15490 5
52 53 23810 4
52 54 21780 6
52 55 17800 7
52 56 176800 2
53 0 21380 9
53 1 18760 16
53 2 16540 17
53 3 15490 3
53 4 24590 5
53 5 23810 8
53 6 21780 11
53 7 17800 13
53 8 176800 8
53 9 3380 2
53 10 12340 13
53 11 15670 5
53 12 22230 12
53 13 14570 4
53 14 31990 6
53 15 42345 7
53 16 23999 2
53 17 22100 4
53 18 19867 8
53 19 21620 9
53 20 48920 16
53 21 41760 17
53 22 32540 3
53 23 21380 5
53 24 18760 8
53 25 16540 11
53 26 15490 13
53 27 24590 8
53 28 23810 2
53 29 21780 13
53 30 17800 5
53 31 176800 12
53 32 3380 4
53 33 12340 6
53 34 15670 7
53 35 22230 2
53 36 14570 4
53 37 31990 8
53 38 42345 9
53 39 23999 16
53 40 22100 17
53 41 19867 3
53 42 21620 5
53 43 48920 8
53 44 41760 11
53 45 32540 13
53 46 21380 8
53 47 18760 2
53 48 16540 13
53 49 15490 5
53 50 24590 12
53 51 23810 4
53 52 21780 6
53 54 176800 2
53 55 3380 4
53 56 12340 8
54 0 16540 17
54 1 15490 3
54 2 24590 5
54 3 23810 8
54 4 21780 11
54 5 17800 13
54 6 176800 8
54 7 3380 2
54 8 12340 13
54 9 15670 5
54 10 22230 12
54 11 14570 4
54 12 31990 6
54 13 42345 7
54 14 23999 2
54 15 22100 4
54 16 19867 8
54 17 21620 9
54 18 48920 16
54 19 41760 17
54 20 32540 3
54 21 21380 5
54 22 18760 8
54 23 16540 11
54 24 15490 13
54 25 24590 8
54 26 23810 2
54 27 21780 13
54 28 17800 5
54 29 176800 12
54 30 3380 4
54 31 12340 6
54 32 15670 7
54 33 22230 2
54 34 14570 4
54 35 31990 8
54 36 42345 9
54 37 23999 16
54 38 22100 17
54 39 19867 3
54 40 21620 5
54 41 48920 8
54 42 41760 11
54 43 32540 13
54 44 21380 8
54 45 18760 2
54 46 16540 13
54 47 15490 5
54 48 24590 12
54 49 23810 4
54 50 21780 6
54 51 17800 7
54 52 176800 2
54 53 3380 4
54 55 15670 9
54 56 22230 16
55 0 24590 5
55 1 23810 8
55 2 21780 11
55 3 17800 13
55 4 176800 8
55 5 3380 2
55 6 12340 13
55 7 15670 5
55 8 22230 12
55 9 14570 4
55 10 31990 6
55 11 42345 7
55 12 23999 2
55 13 22100 4
55 14 19867 8
55 15 21620 9
55 16 48920 16
55 17 41760 17
55 18 32540 3
55 19 21380 5
55 20 18760 8
55 21 16540 11
55 22 15490 13
55 23 24590 8
55 24 23810 2
55 25 21780 13
55 26 17800 5
55 27 176800 12
55 28 3380 4
55 29 12340 6
55 30 15670 7
55 31 22230 2
55 32 14570 4
55 33 31990 8
55 34 42345 9
55 35 23999 16
55 36 22100 17
55 37 19867 3
55 38 21620 5
55 39 48920 8
55 40 41760 11
55 41 32540 13
55 42 21380 8
55 43 18760 2
55 44 16540 13
55 45 15490 5
55 46 24590 12
55 47 23810 4
55 48 21780 6
55 49 17800 7
55 50 176800 2
55 51 3380 4
55 52 12340 8
55 53 15670 9
55 54 22230 16
55 56 31990 3
56 0 21780 11
56 1 17800 13
56 2 176800 8
56 3 3380 2
56 4 12340 13
56 5 15670 5
56 6 22230 12
56 7 14570 4
56 8 31990 6
56 9 42345 7
56 10 23999 2
56 11 22100 4
56 12 19867 8
56 13 21620 9
56 14 48920 16
56 15 41760 17
56 16 32540 3
56 17 21380 5
56 18 18760 8
56 19 16540 11
56 20 15490 13
56 21 24590 8
56 22 23810 2
56 23 21780 13
56 24 17800 5
56 25 176800 12
56 26 3380 4
56 27 12340 6
56 28 15670 7
56 29 22230 2
56 30 14570 4
56 31 31990 8
56 32 42345 9
56 33 23999 16
56 34 22100 17
56 35 19867 3
56 36 21620 5
56 37 48920 8
56 38 41760 11
56 39 32540 13
56 40 21380 8
56 41 18760 2
56 42 16540 13
56 43 15490 5
56 44 24590 12
56 45 23810 4
56 46 21780 6
56 47 17800 7
56 48 176800 2
56 49 3380 4
56 50 12340 8
56 51 15670 9
56 52 22230 16
56 53 14570 17
56 54 31990 3
56 55 42345 5
