0 1 19240
0 2 22680
0 3 24690
0 4 8000
0 5 6580
0 6 17580
0 7 14699
0 8 33489
0 9 36590
0 10 41580
0 11 58600
0 12 51969
0 13 61890
0 14 38940
0 15 27480
0 16 16980
0 17 14960
0 18 17850
0 19 12480
0 20 9780
0 21 43560
0 22 39999
0 23 17800
0 24 19240
0 25 22680
0 26 24690
0 27 8000
0 28 6580
0 29 17580
0 30 14699
0 31 33489
0 32 36590
0 33 41580
0 34 58600
0 35 51969
0 36 61890
0 37 38940
0 38 27480
0 39 16980
0 40 14960
0 41 17850
0 42 12480
0 43 9780
0 44 43560
0 45 39999
0 46 17800
0 47 19240
0 48 22680
0 49 24690
0 50 8000
0 51 6580
0 52 17580
0 53 14699
0 54 33489
0 55 36590
0 56 41580
1 0 19240
1 2 24690
1 3 8000
1 4 6580
1 5 17580
1 6 14699
1 7 33489
1 8 36590
1 9 41580
1 10 58600
1 11 51969
1 12 61890
1 13 38940
1 14 27480
1 15 16980
1 16 14960
1 17 17850
1 18 12480
1 19 9780
1 20 43560
1 21 39999
1 22 17800
1 23 19240
1 24 22680
1 25 24690
1 26 8000
1 27 6580
1 28 17580
1 29 14699
1 30 33489
1 31 36590
1 32 41580
1 33 58600
1 34 51969
1 35 61890
1 36 38940
1 37 27480
1 38 16980
1 39 14960
1 40 17850
1 41 12480
1 42 9780
1 43 43560
1 44 39999
1 45 17800
1 46 19240
1 47 22680
1 48 24690
1 49 8000
1 50 6580
1 51 17580
1 52 14699
1 53 33489
1 54 36590
1 55 41580
1 56 58600
2 0 22680
2 1 24690
2 3 6580
2 4 17580
2 5 14699
2 6 33489
2 7 36590
2 8 41580
2 9 58600
2 10 51969
2 11 61890
2 12 38940
2 13 27480
2 14 16980
2 15 14960
2 16 17850
2 17 12480
2 18 9780
2 19 43560
2 20 39999
2 21 17800
2 22 19240
2 23 22680
2 24 24690
2 25 8000
2 26 6580
2 27 17580
2 28 14699
2 29 33489
2 30 36590
2 31 41580
2 32 58600
2 33 51969
2 34 61890
2 35 38940
2 36 27480
2 37 16980
2 38 14960
2 39 17850
2 40 12480
2 41 9780
2 42 43560
2 43 39999
2 44 17800
2 45 19240
2 46 22680
2 47 24690
2 48 8000
2 49 6580
2 50 17580
2 51 14699
2 52 33489
2 53 36590
2 54 41580
2 55 58600
2 56 51969
3 0 24690
3 1 8000
3 2 6580
3 4 14699
3 5 33489
3 6 36590
3 7 41580
3 8 58600
3 9 51969
3 10 61890
3 11 38940
3 12 27480
3 13 16980
3 14 14960
3 15 17850
3 16 12480
3 17 9780
3 18 43560
3 19 39999
3 20 17800
3 21 19240
3 22 22680
3 23 24690
3 24 8000
3 25 6580
3 26 17580
3 27 14699
3 28 33489
3 29 36590
3 30 41580
3 31 58600
3 32 51969
3 33 61890
3 34 38940
3 35 27480
3 36 16980
3 37 14960
3 38 17850
3 39 12480
3 40 9780
3 41 43560
3 42 39999
3 43 17800
3 44 19240
3 45 22680
3 46 24690
3 47 8000
3 48 6580
3 49 17580
3 50 14699
3 51 33489
3 52 36590
3 53 41580
3 54 58600
3 55 51969
3 56 61890
4 0 8000
4 1 6580
4 2 17580
4 3 14699
4 5 36590
4 6 41580
4 7 58600
4 8 51969
4 9 61890
4 10 38940
4 11 27480
4 12 16980
4 13 14960
4 14 17850
4 15 12480
4 16 9780
4 17 43560
4 18 39999
4 19 17800
4 20 19240
4 21 22680
4 22 24690
4 23 8000
4 24 6580
4 25 17580
4 26 14699
4 27 33489
4 28 36590
4 29 41580
4 30 58600
4 31 51969
4 32 61890
4 33 38940
4 34 27480
4 35 16980
4 36 14960
4 37 17850
4 38 12480
4 39 9780
4 40 43560
4 41 39999
4 42 17800
4 43 19240
4 44 22680
4 45 24690
4 46 8000
4 47 6580
4 48 17580
4 49 14699
4 50 33489
4 51 36590
4 52 41580
4 53 58600
4 54 51969
4 55 61890
4 56 38940
5 0 6580
5 1 17580
5 2 14699
5 3 33489
5 4 36590
5 6 58600
5 7 51969
5 8 61890
5 9 38940
5 10 27480
5 11 16980
5 12 14960
5 13 17850
5 14 12480
5 15 9780
5 16 43560
5 17 39999
5 18 17800
5 19 19240
5 20 22680
5 21 24690
5 22 8000
5 23 6580
5 24 17580
5 25 14699
5 26 33489
5 27 36590
5 28 41580
5 29 58600
5 30 51969
5 31 61890
5 32 38940
5 33 27480
5 34 16980
5 35 14960
5 36 17850
5 37 12480
5 38 9780
5 39 43560
5 40 39999
5 41 17800
5 42 19240
5 43 22680
5 44 24690
5 45 8000
5 46 6580
5 47 17580
5 48 14699
5 49 33489
5 50 36590
5 51 41580
5 52 58600
5 53 51969
5 54 61890
5 55 38940
5 56 27480
6 0 17580
6 1 14699
6 2 33489
6 3 36590
6 4 41580
6 5 58600
6 7 61890
6 8 38940
6 9 27480
6 10 16980
6 11 14960
6 12 17850
6 13 12480
6 14 9780
6 15 43560
6 16 39999
6 17 17800
6 18 19240
6 19 22680
6 20 24690
6 21 8000
6 22 6580
6 23 17580
6 24 14699
6 25 33489
6 26 36590
6 27 41580
6 28 58600
6 29 51969
6 30 61890
6 31 38940
6 32 27480
6 33 16980
6 34 14960
6 35 17850
6 36 12480
6 37 9780
6 38 43560
6 39 39999
6 40 17800
6 41 19240
6 42 22680
6 43 24690
6 44 8000
6 45 6580
6 46 17580
6 47 14699
6 48 33489
6 49 36590
6 50 41580
6 51 58600
6 52 51969
6 53 61890
6 54 38940
6 55 27480
6 56 16980
7 0 14699
7 1 33489
7 2 36590
7 3 41580
7 4 58600
7 5 51969
7 6 61890
7 8 27480
7 9 16980
7 10 14960
7 11 17850
7 12 12480
7 13 9780
7 14 43560
7 15 39999
7 16 17800
7 17 19240
7 18 22680
7 19 24690
7 20 8000
7 21 6580
7 22 17580
7 23 14699
7 24 33489
7 25 36590
7 26 41580
7 27 58600
7 28 51969
7 29 61890
7 30 38940
7 31 27480
7 32 16980
7 33 14960
7 34 17850
7 35 12480
7 36 9780
7 37 43560
7 38 39999
7 39 17800
7 40 19240
7 41 22680
7 42 24690
7 43 8000
7 44 6580
7 45 17580
7 46 14699
7 47 33489
7 48 36590
7 49 41580
7 50 58600
7 51 51969
7 52 61890
7 53 38940
7 54 27480
7 55 16980
7 56 14960
8 0 33489
8 1 36590
8 2 41580
8 3 58600
8 4 51969
8 5 61890
8 6 38940
8 7 27480
8 9 14960
8 10 17850
8 11 12480
8 12 9780
8 13 43560
8 14 39999
8 15 17800
8 16 19240
8 17 22680
8 18 24690
8 19 8000
8 20 6580
8 21 17580
8 22 14699
8 23 33489
8 24 36590
8 25 41580
8 26 58600
8 27 51969
8 28 61890
8 29 38940
8 30 27480
8 31 16980
8 32 14960
8 33 17850
8 34 12480
8 35 9780
8 36 43560
8 37 39999
8 38 17800
8 39 19240
8 40 22680
8 41 24690
8 42 8000
8 43 6580
8 44 17580
8 45 14699
8 46 33489
8 47 36590
8 48 41580
8 49 58600
8 50 51969
8 51 61890
8 52 38940
8 53 27480
8 54 16980
8 55 14960
8 56 17850
9 0 36590
9 1 41580
9 2 58600
9 3 51969
9 4 61890
9 5 38940
9 6 27480
9 7 16980
9 8 14960
9 10 12480
9 11 9780
9 12 43560
9 13 39999
9 14 17800
9 15 19240
9 16 22680
9 17 24690
9 18 8000
9 19 6580
9 20 17580
9 21 14699
9 22 33489
9 23 36590
9 24 41580
9 25 58600
9 26 51969
9 27 61890
9 28 38940
9 29 27480
9 30 16980
9 31 14960
9 32 17850
9 33 12480
9 34 9780
9 35 43560
9 36 39999
9 37 17800
9 38 19240
9 39 22680
9 40 24690
9 41 8000
9 42 6580
9 43 17580
9 44 14699
9 45 33489
9 46 36590
9 47 41580
9 48 58600
9 49 51969
9 50 61890
9 51 38940
9 52 27480
9 53 16980
9 54 14960
9 55 17850
9 56 12480
10 0 41580
10 1 58600
10 2 51969
10 3 61890
10 4 38940
10 5 27480
10 6 16980
10 7 14960
10 8 17850
10 9 12480
10 11 43560
10 12 39999
10 13 17800
10 14 19240
10 15 22680
10 16 24690
10 17 8000
10 18 6580
10 19 17580
10 20 14699
10 21 33489
10 22 36590
10 23 41580
10 24 58600
10 25 51969
10 26 61890
10 27 38940
10 28 27480
10 29 16980
10 30 14960
10 31 17850
10 32 12480
10 33 9780
10 34 43560
10 35 39999
10 36 17800
10 37 19240
10 38 22680
10 39 24690
10 40 8000
10 41 6580
10 42 17580
10 43 14699
10 44 33489
10 45 36590
10 46 41580
10 47 58600
10 48 51969
10 49 61890
10 50 38940
10 51 27480
10 52 16980
10 53 14960
10 54 17850
10 55 12480
10 56 9780
11 0 58600
11 1 51969
11 2 61890
11 3 38940
11 4 27480
11 5 16980
11 6 14960
11 7 17850
11 8 12480
11 9 9780
11 10 43560
11 12 17800
11 13 19240
11 14 22680
11 15 24690
11 16 8000
11 17 6580
11 18 17580
11 19 14699
11 20 33489
11 21 36590
11 22 41580
11 23 58600
11 24 51969
11 25 61890
11 26 38940
11 27 27480
11 28 16980
11 29 14960
11 30 17850
11 31 12480
11 32 9780
11 33 43560
11 34 39999
11 35 17800
11 36 19240
11 37 22680
11 38 24690
11 39 8000
11 40 6580
11 41 17580
11 42 14699
11 43 33489
11 44 36590
11 45 41580
11 46 58600
11 47 51969
11 48 61890
11 49 38940
11 50 27480
11 51 16980
11 52 14960
11 53 17850
11 54 12480
11 55 9780
11 56 43560
12 0 51969
12 1 61890
12 2 38940
12 3 27480
12 4 16980
12 5 14960
12 6 17850
12 7 12480
12 8 9780
12 9 43560
12 10 39999
12 11 17800
12 13 22680
12 14 24690
12 15 8000
12 16 6580
12 17 17580
12 18 14699
12 19 33489
12 20 36590
12 21 41580
12 22 58600
12 23 51969
12 24 61890
12 25 38940
12 26 27480
12 27 16980
12 28 14960
12 29 17850
12 30 12480
12 31 9780
12 32 43560
12 33 39999
12 34 17800
12 35 19240
12 36 22680
12 37 24690
12 38 8000
12 39 6580
12 40 17580
12 41 14699
12 42 33489
12 43 36590
12 44 41580
12 45 58600
12 46 51969
12 47 61890
12 48 38940
12 49 27480
12 50 16980
12 51 14960
12 52 17850
12 53 12480
12 54 9780
12 55 43560
12 56 39999
13 0 61890
13 1 38940
13 2 27480
13 3 16980
13 4 14960
13 5 17850
13 6 12480
13 7 9780
13 8 43560
13 9 39999
13 10 17800
13 11 19240
13 12 22680
13 14 8000
13 15 6580
13 16 17580
13 17 14699
13 18 33489
13 19 36590
13 20 41580
13 21 58600
13 22 51969
13 23 61890
13 24 38940
13 25 27480
13 26 16980
13 27 14960
13 28 17850
13 29 12480
13 30 9780
13 31 43560
13 32 39999
13 33 17800
13 34 19240
13 35 22680
13 36 24690
13 37 8000
13 38 6580
13 39 17580
13 40 14699
13 41 33489
13 42 36590
13 43 41580
13 44 58600
13 45 51969
13 46 61890
13 47 38940
13 48 27480
13 49 16980
13 50 14960
13 51 17850
13 52 12480
13 53 9780
13 54 43560
13 55 39999
13 56 17800
14 0 38940
14 1 27480
14 2 16980
14 3 14960
14 4 17850
14 5 12480
14 6 9780
14 7 43560
14 8 39999
14 9 17800
14 10 19240
14 11 22680
14 12 24690
14 13 8000
14 15 17580
14 16 14699
14 17 33489
14 18 36590
14 19 41580
14 20 58600
14 21 51969
14 22 61890
14 23 38940
14 24 27480
14 25 16980
14 26 14960
14 27 17850
14 28 12480
14 29 9780
14 30 43560
14 31 39999
14 32 17800
14 33 19240
14 34 22680
14 35 24690
14 36 8000
14 37 6580
14 38 17580
14 39 14699
14 40 33489
14 41 36590
14 42 41580
14 43 58600
14 44 51969
14 45 61890
14 46 38940
14 47 27480
14 48 16980
14 49 14960
14 50 17850
14 51 12480
14 52 9780
14 53 43560
14 54 39999
14 55 17800
14 56 19240
15 0 27480
15 1 16980
15 2 14960
15 3 17850
15 4 12480
15 5 9780
15 6 43560
15 7 39999
15 8 17800
15 9 19240
15 10 22680
15 11 24690
15 12 8000
15 13 6580
15 14 17580
15 16 33489
15 17 36590
15 18 41580
15 19 58600
15 20 51969
15 21 61890
15 22 38940
15 23 27480
15 24 16980
15 25 14960
15 26 17850
15 27 12480
15 28 9780
15 29 43560
15 30 39999
15 31 17800
15 32 19240
15 33 22680
15 34 24690
15 35 8000
15 36 6580
15 37 17580
15 38 14699
15 39 33489
15 40 36590
15 41 41580
15 42 58600
15 43 51969
15 44 61890
15 45 38940
15 46 27480
15 47 16980
15 48 14960
15 49 17850
15 50 12480
15 51 9780
15 52 43560
15 53 39999
15 54 17800
15 55 19240
15 56 22680
16 0 16980
16 1 14960
16 2 17850
16 3 12480
16 4 9780
16 5 43560
16 6 39999
16 7 17800
16 8 19240
16 9 22680
16 10 24690
16 11 8000
16 12 6580
16 13 17580
16 14 14699
16 15 33489
16 17 41580
16 18 58600
16 19 51969
16 20 61890
16 21 38940
16 22 27480
16 23 16980
16 24 14960
16 25 17850
16 26 12480
16 27 9780
16 28 43560
16 29 39999
16 30 17800
16 31 19240
16 32 22680
16 33 24690
16 34 8000
16 35 6580
16 36 17580
16 37 14699
16 38 33489
16 39 36590
16 40 41580
16 41 58600
16 42 51969
16 43 61890
16 44 38940
16 45 27480
16 46 16980
16 47 14960
16 48 17850
16 49 12480
16 50 9780
16 51 43560
16 52 39999
16 53 17800
16 54 19240
16 55 22680
16 56 24690
17 0 14960
17 1 17850
17 2 12480
17 3 9780
17 4 43560
17 5 39999
17 6 17800
17 7 19240
17 8 22680
17 9 24690
17 10 8000
17 11 6580
17 12 17580
17 13 14699
17 14 33489
17 15 36590
17 16 41580
17 18 51969
17 19 61890
17 20 38940
17 21 27480
17 22 16980
17 23 14960
17 24 17850
17 25 12480
17 26 9780
17 27 43560
17 28 39999
17 29 17800
17 30 19240
17 31 22680
17 32 24690
17 33 8000
17 34 6580
17 35 17580
17 36 14699
17 37 33489
17 38 36590
17 39 41580
17 40 58600
17 41 51969
17 42 61890
17 43 38940
17 44 27480
17 45 16980
17 46 14960
17 47 17850
17 48 12480
17 49 9780
17 50 43560
17 51 39999
17 52 17800
17 53 19240
17 54 22680
17 55 24690
17 56 8000
18 0 17850
18 1 12480
18 2 9780
18 3 43560
18 4 39999
18 5 17800
18 6 19240
18 7 22680
18 8 24690
18 9 8000
18 10 6580
18 11 17580
18 12 14699
18 13 33489
18 14 36590
18 15 41580
18 16 58600
18 17 51969
18 19 38940
18 20 27480
18 21 16980
18 22 14960
18 23 17850
18 24 12480
18 25 9780
18 26 43560
18 27 39999
18 28 17800
18 29 19240
18 30 22680
18 31 24690
18 32 8000
18 33 6580
18 34 17580
18 35 14699
18 36 33489
18 37 36590
18 38 41580
18 39 58600
18 40 51969
18 41 61890
18 42 38940
18 43 27480
18 44 16980
18 45 14960
18 46 17850
18 47 12480
18 48 9780
18 49 43560
18 50 39999
18 51 17800
18 52 19240
18 53 22680
18 54 24690
18 55 8000
18 56 6580
19 0 12480
19 1 9780
19 2 43560
19 3 39999
19 4 17800
19 5 19240
19 6 22680
19 7 24690
19 8 8000
19 9 6580
19 10 17580
19 11 14699
19 12 33489
19 13 36590
19 14 41580
19 15 58600
19 16 51969
19 17 61890
19 18 38940
19 20 16980
19 21 14960
19 22 17850
19 23 12480
19 24 9780
19 25 43560
19 26 39999
19 27 17800
19 28 19240
19 29 22680
19 30 24690
19 31 8000
19 32 6580
19 33 17580
19 34 14699
19 35 33489
19 36 36590
19 37 41580
19 38 58600
19 39 51969
19 40 61890
19 41 38940
19 42 27480
19 43 16980
19 44 14960
19 45 17850
19 46 12480
19 47 9780
19 48 43560
19 49 39999
19 50 17800
19 51 19240
19 52 22680
19 53 24690
19 54 8000
19 55 6580
19 56 17580
20 0 9780
20 1 43560
20 2 39999
20 3 17800
20 4 19240
20 5 22680
20 6 24690
20 7 8000
20 8 6580
20 9 17580
20 10 14699
20 11 33489
20 12 36590
20 13 41580
20 14 58600
20 15 51969
20 16 61890
20 17 38940
20 18 27480
20 19 16980
20 21 17850
20 22 12480
20 23 9780
20 24 43560
20 25 39999
20 26 17800
20 27 19240
20 28 22680
20 29 24690
20 30 8000
20 31 6580
20 32 17580
20 33 14699
20 34 33489
20 35 36590
20 36 41580
20 37 58600
20 38 51969
20 39 61890
20 40 38940
20 41 27480
20 42 16980
20 43 14960
20 44 17850
20 45 12480
20 46 9780
20 47 43560
20 48 39999
20 49 17800
20 50 19240
20 51 22680
20 52 24690
20 53 8000
20 54 6580
20 55 17580
20 56 14699
21 0 43560
21 1 39999
21 2 17800
21 3 19240
21 4 22680
21 5 24690
21 6 8000
21 7 6580
21 8 17580
21 9 14699
21 10 33489
21 11 36590
21 12 41580
21 13 58600
21 14 51969
21 15 61890
21 16 38940
21 17 27480
21 18 16980
21 19 14960
21 20 17850
21 22 9780
21 23 43560
21 24 39999
21 25 17800
21 26 19240
21 27 22680
21 28 24690
21 29 8000
21 30 6580
21 31 17580
21 32 14699
21 33 33489
21 34 36590
21 35 41580
21 36 58600
21 37 51969
21 38 61890
21 39 38940
21 40 27480
21 41 16980
21 42 14960
21 43 17850
21 44 12480
21 45 9780
21 46 43560
21 47 39999
21 48 17800
21 49 19240
21 50 22680
21 51 24690
21 52 8000
21 53 6580
21 54 17580
21 55 14699
21 56 33489
22 0 39999
22 1 17800
22 2 19240
22 3 22680
22 4 24690
22 5 8000
22 6 6580
22 7 17580
22 8 14699
22 9 33489
22 10 36590
22 11 41580
22 12 58600
22 13 51969
22 14 61890
22 15 38940
22 16 27480
22 17 16980
22 18 14960
22 19 17850
22 20 12480
22 21 9780
22 23 39999
22 24 17800
22 25 19240
22 26 22680
22 27 24690
22 28 8000
22 29 6580
22 30 17580
22 31 14699
22 32 33489
22 33 36590
22 34 41580
22 35 58600
22 36 51969
22 37 61890
22 38 38940
22 39 27480
22 40 16980
22 41 14960
22 42 17850
22 43 12480
22 44 9780
22 45 43560
22 46 39999
22 47 17800
22 48 19240
22 49 22680
22 50 24690
22 51 8000
22 52 6580
22 53 17580
22 54 14699
22 55 33489
22 56 36590
23 0 17800
23 1 19240
23 2 22680
23 3 24690
23 4 8000
23 5 6580
23 6 17580
23 7 14699
23 8 33489
23 9 36590
23 10 41580
23 11 58600
23 12 51969
23 13 61890
23 14 38940
23 15 27480
23 16 16980
23 17 14960
23 18 17850
23 19 12480
23 20 9780
23 21 43560
23 22 39999
23 24 19240
23 25 22680
23 26 24690
23 27 8000
23 28 6580
23 29 17580
23 30 14699
23 31 33489
23 32 36590
23 33 41580
23 34 58600
23 35 51969
23 36 61890
23 37 38940
23 38 27480
23 39 16980
23 40 14960
23 41 17850
23 42 12480
23 43 9780
23 44 43560
23 45 39999
23 46 17800
23 47 19240
23 48 22680
23 49 24690
23 50 8000
23 51 6580
23 52 17580
23 53 14699
23 54 33489
23 55 36590
23 56 41580
24 0 19240
24 1 22680
24 2 24690
24 3 8000
24 4 6580
24 5 17580
24 6 14699
24 7 33489
24 8 36590
24 9 41580
24 10 58600
24 11 51969
24 12 61890
24 13 38940
24 14 27480
24 15 16980
24 16 14960
24 17 17850
24 18 12480
24 19 9780
24 20 43560
24 21 39999
24 22 17800
24 23 19240
24 25 24690
24 26 8000
24 27 6580
24 28 17580
24 29 14699
24 30 33489
24 31 36590
24 32 41580
24 33 58600
24 34 51969
24 35 61890
24 36 38940
24 37 27480
24 38 16980
24 39 14960
24 40 17850
24 41 12480
24 42 9780
24 43 43560
24 44 39999
24 45 17800
24 46 19240
24 47 22680
24 48 24690
24 49 8000
24 50 6580
24 51 17580
24 52 14699
24 53 33489
24 54 36590
24 55 41580
24 56 58600
25 0 22680
25 1 24690
25 2 8000
25 3 6580
25 4 17580
25 5 14699
25 6 33489
25 7 36590
25 8 41580
25 9 58600
25 10 51969
25 11 61890
25 12 38940
25 13 27480
25 14 16980
25 15 14960
25 16 17850
25 17 12480
25 18 9780
25 19 43560
25 20 39999
25 21 17800
25 22 19240
25 23 22680
25 24 24690
25 26 6580
25 27 17580
25 28 14699
25 29 33489
25 30 36590
25 31 41580
25 32 58600
25 33 51969
25 34 61890
25 35 38940
25 36 27480
25 37 16980
25 38 14960
25 39 17850
25 40 12480
25 41 9780
25 42 43560
25 43 39999
25 44 17800
25 45 19240
25 46 22680
25 47 24690
25 48 8000
25 49 6580
25 50 17580
25 51 14699
25 52 33489
25 53 36590
25 54 41580
25 55 58600
25 56 51969
26 0 24690
26 1 8000
26 2 6580
26 3 17580
26 4 14699
26 5 33489
26 6 36590
26 7 41580
26 8 58600
26 9 51969
26 10 61890
26 11 38940
26 12 27480
26 13 16980
26 14 14960
26 15 17850
26 16 12480
26 17 9780
26 18 43560
26 19 39999
26 20 17800
26 21 19240
26 22 22680
26 23 24690
26 24 8000
26 25 6580
26 27 14699
26 28 33489
26 29 36590
26 30 41580
26 31 58600
26 32 51969
26 33 61890
26 34 38940
26 35 27480
26 36 16980
26 37 14960
26 38 17850
26 39 12480
26 40 9780
26 41 43560
26 42 39999
26 43 17800
26 44 19240
26 45 22680
26 46 24690
26 47 8000
26 48 6580
26 49 17580
26 50 14699
26 51 33489
26 52 36590
26 53 41580
26 54 58600
26 55 51969
26 56 61890
27 0 8000
27 1 6580
27 2 17580
27 3 14699
27 4 33489
27 5 36590
27 6 41580
27 7 58600
27 8 51969
27 9 61890
27 10 38940
27 11 27480
27 12 16980
27 13 14960
27 14 17850
27 15 12480
27 16 9780
27 17 43560
27 18 39999
27 19 17800
27 20 19240
27 21 22680
27 22 24690
27 23 8000
27 24 6580
27 25 17580
27 26 14699
27 28 36590
27 29 41580
27 30 58600
27 31 51969
27 32 61890
27 33 38940
27 34 27480
27 35 16980
27 36 14960
27 37 17850
27 38 12480
27 39 9780
27 40 43560
27 41 39999
27 42 17800
27 43 19240
27 44 22680
27 45 24690
27 46 8000
27 47 6580
27 48 17580
27 49 14699
27 50 33489
27 51 36590
27 52 41580
27 53 58600
27 54 51969
27 55 61890
27 56 38940
28 0 6580
28 1 17580
28 2 14699
28 3 33489
28 4 36590
28 5 41580
28 6 58600
28 7 51969
28 8 61890
28 9 38940
28 10 27480
28 11 16980
28 12 14960
28 13 17850
28 14 12480
28 15 9780
28 16 43560
28 17 39999
28 18 17800
28 19 19240
28 20 22680
28 21 24690
28 22 8000
28 23 6580
28 24 17580
28 25 14699
28 26 33489
28 27 36590
28 29 58600
28 30 51969
28 31 61890
28 32 38940
28 33 27480
28 34 16980
28 35 14960
28 36 17850
28 37 12480
28 38 9780
28 39 43560
28 40 39999
28 41 17800
28 42 19240
28 43 22680
28 44 24690
28 45 8000
28 46 6580
28 47 17580
28 48 14699
28 49 33489
28 50 36590
28 51 41580
28 52 58600
28 53 51969
28 54 61890
28 55 38940
28 56 27480
29 0 17580
29 1 14699
29 2 33489
29 3 36590
29 4 41580
29 5 58600
29 6 51969
29 7 61890
29 8 38940
29 9 27480
29 10 16980
29 11 14960
29 12 17850
29 13 12480
29 14 9780
29 15 43560
29 16 39999
29 17 17800
29 18 19240
29 19 22680
29 20 24690
29 21 8000
29 22 6580
29 23 17580
29 24 14699
29 25 33489
29 26 36590
29 27 41580
29 28 58600
29 30 61890
29 31 38940
29 32 27480
29 33 16980
29 34 14960
29 35 17850
29 36 12480
29 37 9780
29 38 43560
29 39 39999
29 40 17800
29 41 19240
29 42 22680
29 43 24690
29 44 8000
29 45 6580
29 46 17580
29 47 14699
29 48 33489
29 49 36590
29 50 41580
29 51 58600
29 52 51969
29 53 61890
29 54 38940
29 55 27480
29 56 16980
30 0 14699
30 1 33489
30 2 36590
30 3 41580
30 4 58600
30 5 51969
30 6 61890
30 7 38940
30 8 27480
30 9 16980
30 10 14960
30 11 17850
30 12 12480
30 13 9780
30 14 43560
30 15 39999
30 16 17800
30 17 19240
30 18 22680
30 19 24690
30 20 8000
30 21 6580
30 22 17580
30 23 14699
30 24 33489
30 25 36590
30 26 41580
30 27 58600
30 28 51969
30 29 61890
30 31 27480
30 32 16980
30 33 14960
30 34 17850
30 35 12480
30 36 9780
30 37 43560
30 38 39999
30 39 17800
30 40 19240
30 41 22680
30 42 24690
30 43 8000
30 44 6580
30 45 17580
30 46 14699
30 47 33489
30 48 36590
30 49 41580
30 50 58600
30 51 51969
30 52 61890
30 53 38940
30 54 27480
30 55 16980
30 56 14960
31 0 33489
31 1 36590
31 2 41580
31 3 58600
31 4 51969
31 5 61890
31 6 38940
31 7 27480
31 8 16980
31 9 14960
31 10 17850
31 11 12480
31 12 9780
31 13 43560
31 14 39999
31 15 17800
31 16 19240
31 17 22680
31 18 24690
31 19 8000
31 20 6580
31 21 17580
31 22 14699
31 23 33489
31 24 36590
31 25 41580
31 26 58600
31 27 51969
31 28 61890
31 29 38940
31 30 27480
31 32 14960
31 33 17850
31 34 12480
31 35 9780
31 36 43560
31 37 39999
31 38 17800
31 39 19240
31 40 22680
31 41 24690
31 42 8000
31 43 6580
31 44 17580
31 45 14699
31 46 33489
31 47 36590
31 48 41580
31 49 58600
31 50 51969
31 51 61890
31 52 38940
31 53 27480
31 54 16980
31 55 14960
31 56 17850
32 0 36590
32 1 41580
32 2 58600
32 3 51969
32 4 61890
32 5 38940
32 6 27480
32 7 16980
32 8 14960
32 9 17850
32 10 12480
32 11 9780
32 12 43560
32 13 39999
32 14 17800
32 15 19240
32 16 22680
32 17 24690
32 18 8000
32 19 6580
32 20 17580
32 21 14699
32 22 33489
32 23 36590
32 24 41580
32 25 58600
32 26 51969
32 27 61890
32 28 38940
32 29 27480
32 30 16980
32 31 14960
32 33 12480
32 34 9780
32 35 43560
32 36 39999
32 37 17800
32 38 19240
32 39 22680
32 40 24690
32 41 8000
32 42 6580
32 43 17580
32 44 14699
32 45 33489
32 46 36590
32 47 41580
32 48 58600
32 49 51969
32 50 61890
32 51 38940
32 52 27480
32 53 16980
32 54 14960
32 55 17850
32 56 12480
33 0 41580
33 1 58600
33 2 51969
33 3 61890
33 4 38940
33 5 27480
33 6 16980
33 7 14960
33 8 17850
33 9 12480
33 10 9780
33 11 43560
33 12 39999
33 13 17800
33 14 19240
33 15 22680
33 16 24690
33 17 8000
33 18 6580
33 19 17580
33 20 14699
33 21 33489
33 22 36590
33 23 41580
33 24 58600
33 25 51969
33 26 61890
33 27 38940
33 28 27480
33 29 16980
33 30 14960
33 31 17850
33 32 12480
33 34 43560
33 35 39999
33 36 17800
33 37 19240
33 38 22680
33 39 24690
33 40 8000
33 41 6580
33 42 17580
33 43 14699
33 44 33489
33 45 36590
33 46 41580
33 47 58600
33 48 51969
33 49 61890
33 50 38940
33 51 27480
33 52 16980
33 53 14960
33 54 17850
33 55 12480
33 56 9780
34 0 58600
34 1 51969
34 2 61890
34 3 38940
34 4 27480
34 5 16980
34 6 14960
34 7 17850
34 8 12480
34 9 9780
34 10 43560
34 11 39999
34 12 17800
34 13 19240
34 14 22680
34 15 24690
34 16 8000
34 17 6580
34 18 17580
34 19 14699
34 20 33489
34 21 36590
34 22 41580
34 23 58600
34 24 51969
34 25 61890
34 26 38940
34 27 27480
34 28 16980
34 29 14960
34 30 17850
34 31 12480
34 32 9780
34 33 43560
34 35 17800
34 36 19240
34 37 22680
34 38 24690
34 39 8000
34 40 6580
34 41 17580
34 42 14699
34 43 33489
34 44 36590
34 45 41580
34 46 58600
34 47 51969
34 48 61890
34 49 38940
34 50 27480
34 51 16980
34 52 14960
34 53 17850
34 54 12480
34 55 9780
34 56 43560
35 0 51969
35 1 61890
35 2 38940
35 3 27480
35 4 16980
35 5 14960
35 6 17850
35 7 12480
35 8 9780
35 9 43560
35 10 39999
35 11 17800
35 12 19240
35 13 22680
35 14 24690
35 15 8000
35 16 6580
35 17 17580
35 18 14699
35 19 33489
35 20 36590
35 21 41580
35 22 58600
35 23 51969
35 24 61890
35 25 38940
35 26 27480
35 27 16980
35 28 14960
35 29 17850
35 30 12480
35 31 9780
35 32 43560
35 33 39999
35 34 17800
35 36 22680
35 37 24690
35 38 8000
35 39 6580
35 40 17580
35 41 14699
35 42 33489
35 43 36590
35 44 41580
35 45 58600
35 46 51969
35 47 61890
35 48 38940
35 49 27480
35 50 16980
35 51 14960
35 52 17850
35 53 12480
35 54 9780
35 55 43560
35 56 39999
36 0 61890
36 1 38940
36 2 27480
36 3 16980
36 4 14960
36 5 17850
36 6 12480
36 7 9780
36 8 43560
36 9 39999
36 10 17800
36 11 19240
36 12 22680
36 13 24690
36 14 8000
36 15 6580
36 16 17580
36 17 14699
36 18 33489
36 19 36590
36 20 41580
36 21 58600
36 22 51969
36 23 61890
36 24 38940
36 25 27480
36 26 16980
36 27 14960
36 28 17850
36 29 12480
36 30 9780
36 31 43560
36 32 39999
36 33 17800
36 34 19240
36 35 22680
36 37 8000
36 38 6580
36 39 17580
36 40 14699
36 41 33489
36 42 36590
36 43 41580
36 44 58600
36 45 51969
36 46 61890
36 47 38940
36 48 27480
36 49 16980
36 50 14960
36 51 17850
36 52 12480
36 53 9780
36 54 43560
36 55 39999
36 56 17800
37 0 38940
37 1 27480
37 2 16980
37 3 14960
37 4 17850
37 5 12480
37 6 9780
37 7 43560
37 8 39999
37 9 17800
37 10 19240
37 11 22680
37 12 24690
37 13 8000
37 14 6580
37 15 17580
37 16 14699
37 17 33489
37 18 36590
37 19 41580
37 20 58600
37 21 51969
37 22 61890
37 23 38940
37 24 27480
37 25 16980
37 26 14960
37 27 17850
37 28 12480
37 29 9780
37 30 43560
37 31 39999
37 32 17800
37 33 19240
37 34 22680
37 35 24690
37 36 8000
37 38 17580
37 39 14699
37 40 33489
37 41 36590
37 42 41580
37 43 58600
37 44 51969
37 45 61890
37 46 38940
37 47 27480
37 48 16980
37 49 14960
37 50 17850
37 51 12480
37 52 9780
37 53 43560
37 54 39999
37 55 17800
37 56 19240
38 0 27480
38 1 16980
38 2 14960
38 3 17850
38 4 12480
38 5 9780
38 6 43560
38 7 39999
38 8 17800
38 9 19240
38 10 22680
38 11 24690
38 12 8000
38 13 6580
38 14 17580
38 15 14699
38 16 33489
38 17 36590
38 18 41580
38 19 58600
38 20 51969
38 21 61890
38 22 38940
38 23 27480
38 24 16980
38 25 14960
38 26 17850
38 27 12480
38 28 9780
38 29 43560
38 30 39999
38 31 17800
38 32 19240
38 33 22680
38 34 24690
38 35 8000
38 36 6580
38 37 17580
38 39 33489
38 40 36590
38 41 41580
38 42 58600
38 43 51969
38 44 61890
38 45 38940
38 46 27480
38 47 16980
38 48 14960
38 49 17850
38 50 12480
38 51 9780
38 52 43560
38 53 39999
38 54 17800
38 55 19240
38 56 22680
39 0 16980
39 1 14960
39 2 17850
39 3 12480
39 4 9780
39 5 43560
39 6 39999
39 7 17800
39 8 19240
39 9 22680
39 10 24690
39 11 8000
39 12 6580
39 13 17580
39 14 14699
39 15 33489
39 16 36590
39 17 41580
39 18 58600
39 19 51969
39 20 61890
39 21 38940
39 22 27480
39 23 16980
39 24 14960
39 25 17850
39 26 12480
39 27 9780
39 28 43560
39 29 39999
39 30 17800
39 31 19240
39 32 22680
39 33 24690
39 34 8000
39 35 6580
39 36 17580
39 37 14699
39 38 33489
39 40 41580
39 41 58600
39 42 51969
39 43 61890
39 44 38940
39 45 27480
39 46 16980
39 47 14960
39 48 17850
39 49 12480
39 50 9780
39 51 43560
39 52 39999
39 53 17800
39 54 19240
39 55 22680
39 56 24690
40 0 14960
40 1 17850
40 2 12480
40 3 9780
40 4 43560
40 5 39999
40 6 17800
40 7 19240
40 8 22680
40 9 24690
40 10 8000
40 11 6580
40 12 17580
40 13 14699
40 14 33489
40 15 36590
40 16 41580
40 17 58600
40 18 51969
40 19 61890
40 20 38940
40 21 27480
40 22 16980
40 23 14960
40 24 17850
40 25 12480
40 26 9780
40 27 43560
40 28 39999
40 29 17800
40 30 19240
40 31 22680
40 32 24690
40 33 8000
40 34 6580
40 35 17580
40 36 14699
40 37 33489
40 38 36590
40 39 41580
40 41 51969
40 42 61890
40 43 38940
40 44 27480
40 45 16980
40 46 14960
40 47 17850
40 48 12480
40 49 9780
40 50 43560
40 51 39999
40 52 17800
40 53 19240
40 54 22680
40 55 24690
40 56 8000
41 0 17850
41 1 12480
41 2 9780
41 3 43560
41 4 39999
41 5 17800
41 6 19240
41 7 22680
41 8 24690
41 9 8000
41 10 6580
41 11 17580
41 12 14699
41 13 33489
41 14 36590
41 15 41580
41 16 58600
41 17 51969
41 18 61890
41 19 38940
41 20 27480
41 21 16980
41 22 14960
41 23 17850
41 24 12480
41 25 9780
41 26 43560
41 27 39999
41 28 17800
41 29 19240
41 30 22680
41 31 24690
41 32 8000
41 33 6580
41 34 17580
41 35 14699
41 36 33489
41 37 36590
41 38 41580
41 39 58600
41 40 51969
41 42 38940
41 43 27480
41 44 16980
41 45 14960
41 46 17850
41 47 12480
41 48 9780
41 49 43560
41 50 39999
41 51 17800
41 52 19240
41 53 22680
41 54 24690
41 55 8000
41 56 6580
42 0 12480
42 1 9780
42 2 43560
42 3 39999
42 4 17800
42 5 19240
42 6 22680
42 7 24690
42 8 8000
42 9 6580
42 10 17580
42 11 14699
42 12 33489
42 13 36590
42 14 41580
42 15 58600
42 16 51969
42 17 61890
42 18 38940
42 19 27480
42 20 16980
42 21 14960
42 22 17850
42 23 12480
42 24 9780
42 25 43560
42 26 39999
42 27 17800
42 28 19240
42 29 22680
42 30 24690
42 31 8000
42 32 6580
42 33 17580
42 34 14699
42 35 33489
42 36 36590
42 37 41580
42 38 58600
42 39 51969
42 40 61890
42 41 38940
42 43 16980
42 44 14960
42 45 17850
42 46 12480
42 47 9780
42 48 43560
42 49 39999
42 50 17800
42 51 19240
42 52 22680
42 53 24690
42 54 8000
42 55 6580
42 56 17580
43 0 9780
43 1 43560
43 2 39999
43 3 17800
43 4 19240
43 5 22680
43 6 24690
43 7 8000
43 8 6580
43 9 17580
43 10 14699
43 11 33489
43 12 36590
43 13 41580
43 14 58600
43 15 51969
43 16 61890
43 17 38940
43 18 27480
43 19 16980
43 20 14960
43 21 17850
43 22 12480
43 23 9780
43 24 43560
43 25 39999
43 26 17800
43 27 19240
43 28 22680
43 29 24690
43 30 8000
43 31 6580
43 32 17580
43 33 14699
43 34 33489
43 35 36590
43 36 41580
43 37 58600
43 38 51969
43 39 61890
43 40 38940
43 41 27480
43 42 16980
43 44 17850
43 45 12480
43 46 9780
43 47 43560
43 48 39999
43 49 17800
43 50 19240
43 51 22680
43 52 24690
43 53 8000
43 54 6580
43 55 17580
43 56 14699
44 0 43560
44 1 39999
44 2 17800
44 3 19240
44 4 22680
44 5 24690
44 6 8000
44 7 6580
44 8 17580
44 9 14699
44 10 33489
44 11 36590
44 12 41580
44 13 58600
44 14 51969
44 15 61890
44 16 38940
44 17 27480
44 18 16980
44 19 14960
44 20 17850
44 21 12480
44 22 9780
44 23 43560
44 24 39999
44 25 17800
44 26 19240
44 27 22680
44 28 24690
44 29 8000
44 30 6580
44 31 17580
44 32 14699
44 33 33489
44 34 36590
44 35 41580
44 36 58600
44 37 51969
44 38 61890
44 39 38940
44 40 27480
44 41 16980
44 42 14960
44 43 17850
44 45 9780
44 46 43560
44 47 39999
44 48 17800
44 49 19240
44 50 22680
44 51 24690
44 52 8000
44 53 6580
44 54 17580
44 55 14699
44 56 33489
45 0 39999
45 1 17800
45 2 19240
45 3 22680
45 4 24690
45 5 8000
45 6 6580
45 7 17580
45 8 14699
45 9 33489
45 10 36590
45 11 41580
45 12 58600
45 13 51969
45 14 61890
45 15 38940
45 16 27480
45 17 16980
45 18 14960
45 19 17850
45 20 12480
45 21 9780
45 22 43560
45 23 39999
45 24 17800
45 25 19240
45 26 22680
45 27 24690
45 28 8000
45 29 6580
45 30 17580
45 31 14699
45 32 33489
45 33 36590
45 34 41580
45 35 58600
45 36 51969
45 37 61890
45 38 38940
45 39 27480
45 40 16980
45 41 14960
45 42 17850
45 43 12480
45 44 9780
45 46 39999
45 47 17800
45 48 19240
45 49 22680
45 50 24690
45 51 8000
45 52 6580
45 53 17580
45 54 14699
45 55 33489
45 56 36590
46 0 17800
46 1 19240
46 2 22680
46 3 24690
46 4 8000
46 5 6580
46 6 17580
46 7 14699
46 8 33489
46 9 36590
46 10 41580
46 11 58600
46 12 51969
46 13 61890
46 14 38940
46 15 27480
46 16 16980
46 17 14960
46 18 17850
46 19 12480
46 20 9780
46 21 43560
46 22 39999
46 23 17800
46 24 19240
46 25 22680
46 26 24690
46 27 8000
46 28 6580
46 29 17580
46 30 14699
46 31 33489
46 32 36590
46 33 41580
46 34 58600
46 35 51969
46 36 61890
46 37 38940
46 38 27480
46 39 16980
46 40 14960
46 41 17850
46 42 12480
46 43 9780
46 44 43560
46 45 39999
46 47 19240
46 48 22680
46 49 24690
46 50 8000
46 51 6580
46 52 17580
46 53 14699
46 54 33489
46 55 36590
46 56 41580
47 0 19240
47 1 22680
47 2 24690
47 3 8000
47 4 6580
47 5 17580
47 6 14699
47 7 33489
47 8 36590
47 9 41580
47 10 58600
47 11 51969
47 12 61890
47 13 38940
47 14 27480
47 15 16980
47 16 14960
47 17 17850
47 18 12480
47 19 9780
47 20 43560
47 21 39999
47 22 17800
47 23 19240
47 24 22680
47 25 24690
47 26 8000
47 27 6580
47 28 17580
47 29 14699
47 30 33489
47 31 36590
47 32 41580
47 33 58600
47 34 51969
47 35 61890
47 36 38940
47 37 27480
47 38 16980
47 39 14960
47 40 17850
47 41 12480
47 42 9780
47 43 43560
47 44 39999
47 45 17800
47 46 19240
47 48 24690
47 49 8000
47 50 6580
47 51 17580
47 52 14699
47 53 33489
47 54 36590
47 55 41580
47 56 58600
48 0 22680
48 1 24690
48 2 8000
48 3 6580
48 4 17580
48 5 14699
48 6 33489
48 7 36590
48 8 41580
48 9 58600
48 10 51969
48 11 61890
48 12 38940
48 13 27480
48 14 16980
48 15 14960
48 16 17850
48 17 12480
48 18 9780
48 19 43560
48 20 39999
48 21 17800
48 22 19240
48 23 22680
48 24 24690
48 25 8000
48 26 6580
48 27 17580
48 28 14699
48 29 33489
48 30 36590
48 31 41580
48 32 58600
48 33 51969
48 34 61890
48 35 38940
48 36 27480
48 37 16980
48 38 14960
48 39 17850
48 40 12480
48 41 9780
48 42 43560
48 43 39999
48 44 17800
48 45 19240
48 46 22680
48 47 24690
48 49 6580
48 50 17580
48 51 14699
48 52 33489
48 53 36590
48 54 41580
48 55 58600
48 56 51969
49 0 24690
49 1 8000
49 2 6580
49 3 17580
49 4 14699
49 5 33489
49 6 36590
49 7 41580
49 8 58600
49 9 51969
49 10 61890
49 11 38940
49 12 27480
49 13 16980
49 14 14960
49 15 17850
49 16 12480
49 17 9780
49 18 43560
49 19 39999
49 20 17800
49 21 19240
49 22 22680
49 23 24690
49 24 8000
49 25 6580
49 26 17580
49 27 14699
49 28 33489
49 29 36590
49 30 41580
49 31 58600
49 32 51969
49 33 61890
49 34 38940
49 35 27480
49 36 16980
49 37 14960
49 38 17850
49 39 12480
49 40 9780
49 41 43560
49 42 39999
49 43 17800
49 44 19240
49 45 22680
49 46 24690
49 47 8000
49 48 6580
49 50 14699
49 51 33489
49 52 36590
49 53 41580
49 54 58600
49 55 51969
49 56 61890
50 0 8000
50 1 6580
50 2 17580
50 3 14699
50 4 33489
50 5 36590
50 6 41580
50 7 58600
50 8 51969
50 9 61890
50 10 38940
50 11 27480
50 12 16980
50 13 14960
50 14 17850
50 15 12480
50 16 9780
50 17 43560
50 18 39999
50 19 17800
50 20 19240
50 21 22680
50 22 24690
50 23 8000
50 24 6580
50 25 17580
50 26 14699
50 27 33489
50 28 36590
50 29 41580
50 30 58600
50 31 51969
50 32 61890
50 33 38940
50 34 27480
50 35 16980
50 36 14960
50 37 17850
50 38 12480
50 39 9780
50 40 43560
50 41 39999
50 42 17800
50 43 19240
50 44 22680
50 45 24690
50 46 8000
50 47 6580
50 48 17580
50 49 14699
50 51 36590
50 52 41580
50 53 58600
50 54 51969
50 55 61890
50 56 38940
51 0 6580
51 1 17580
51 2 14699
51 3 33489
51 4 36590
51 5 41580
51 6 58600
51 7 51969
51 8 61890
51 9 38940
51 10 27480
51 11 16980
51 12 14960
51 13 17850
51 14 12480
51 15 9780
51 16 43560
51 17 39999
51 18 17800
51 19 19240
51 20 22680
51 21 24690
51 22 8000
51 23 6580
51 24 17580
51 25 14699
51 26 33489
51 27 36590
51 28 41580
51 29 58600
51 30 51969
51 31 61890
51 32 38940
51 33 27480
51 34 16980
51 35 14960
51 36 17850
51 37 12480
51 38 9780
51 39 43560
51 40 39999
51 41 17800
51 42 19240
51 43 22680
51 44 24690
51 45 8000
51 46 6580
51 47 17580
51 48 14699
51 49 33489
51 50 36590
51 52 58600
51 53 51969
51 54 61890
51 55 38940
51 56 27480
52 0 17580
52 1 14699
52 2 33489
52 3 36590
52 4 41580
52 5 58600
52 6 51969
52 7 61890
52 8 38940
52 9 27480
52 10 16980
52 11 14960
52 12 17850
52 13 12480
52 14 9780
52 15 43560
52 16 39999
52 17 17800
52 18 19240
52 19 22680
52 20 24690
52 21 8000
52 22 6580
52 23 17580
52 24 14699
52 25 33489
52 26 36590
52 27 41580
52 28 58600
52 29 51969
52 30 61890
52 31 38940
52 32 27480
52 33 16980
52 34 14960
52 35 17850
52 36 12480
52 37 9780
52 38 43560
52 39 39999
52 40 17800
52 41 19240
52 42 22680
52 43 24690
52 44 8000
52 45 6580
52 46 17580
52 47 14699
52 48 33489
52 49 36590
52 50 41580
52 51 58600
52 53 61890
52 54 38940
52 55 27480
52 56 16980
53 0 14699
53 1 33489
53 2 36590
53 3 41580
53 4 58600
53 5 51969
53 6 61890
53 7 38940
53 8 27480
53 9 16980
53 10 14960
53 11 17850
53 12 12480
53 13 9780
53 14 43560
53 15 39999
53 16 17800
53 17 19240
53 18 22680
53 19 24690
53 20 8000
53 21 6580
53 22 17580
53 23 14699
53 24 33489
53 25 36590
53 26 41580
53 27 58600
53 28 51969
53 29 61890
53 30 38940
53 31 27480
53 32 16980
53 33 14960
53 34 17850
53 35 12480
53 36 9780
53 37 43560
53 38 39999
53 39 17800
53 40 19240
53 41 22680
53 42 24690
53 43 8000
53 44 6580
53 45 17580
53 46 14699
53 47 33489
53 48 36590
53 49 41580
53 50 58600
53 51 51969
53 52 61890
53 54 27480
53 55 16980
53 56 14960
54 0 33489
54 1 36590
54 2 41580
54 3 58600
54 4 51969
54 5 61890
54 6 38940
54 7 27480
54 8 16980
54 9 14960
54 10 17850
54 11 12480
54 12 9780
54 13 43560
54 14 39999
54 15 17800
54 16 19240
54 17 22680
54 18 24690
54 19 8000
54 20 6580
54 21 17580
54 22 14699
54 23 33489
54 24 36590
54 25 41580
54 26 58600
54 27 51969
54 28 61890
54 29 38940
54 30 27480
54 31 16980
54 32 14960
54 33 17850
54 34 12480
54 35 9780
54 36 43560
54 37 39999
54 38 17800
54 39 19240
54 40 22680
54 41 24690
54 42 8000
54 43 6580
54 44 17580
54 45 14699
54 46 33489
54 47 36590
54 48 41580
54 49 58600
54 50 51969
54 51 61890
54 52 38940
54 53 27480
54 55 14960
54 56 17850
55 0 36590
55 1 41580
55 2 58600
55 3 51969
55 4 61890
55 5 38940
55 6 27480
55 7 16980
55 8 14960
55 9 17850
55 10 12480
55 11 9780
55 12 43560
55 13 39999
55 14 17800
55 15 19240
55 16 22680
55 17 24690
55 18 8000
55 19 6580
55 20 17580
55 21 14699
55 22 33489
55 23 36590
55 24 41580
55 25 58600
55 26 51969
55 27 61890
55 28 38940
55 29 27480
55 30 16980
55 31 14960
55 32 17850
55 33 12480
55 34 9780
55 35 43560
55 36 39999
55 37 17800
55 38 19240
55 39 22680
55 40 24690
55 41 8000
55 42 6580
55 43 17580
55 44 14699
55 45 33489
55 46 36590
55 47 41580
55 48 58600
55 49 51969
55 50 61890
55 51 38940
55 52 27480
55 53 16980
55 54 14960
55 56 12480
56 0 41580
56 1 58600
56 2 51969
56 3 61890
56 4 38940
56 5 27480
56 6 16980
56 7 14960
56 8 17850
56 9 12480
56 10 9780
56 11 43560
56 12 39999
56 13 17800
56 14 19240
56 15 22680
56 16 24690
56 17 8000
56 18 6580
56 19 17580
56 20 14699
56 21 33489
56 22 36590
56 23 41580
56 24 58600
56 25 51969
56 26 61890
56 27 38940
56 28 27480
56 29 16980
56 30 14960
56 31 17850
56 32 12480
56 33 9780
56 34 43560
56 35 39999
56 36 17800
56 37 19240
56 38 22680
56 39 24690
56 40 8000
56 41 6580
56 42 17580
56 43 14699
56 44 33489
56 45 36590
56 46 41580
56 47 58600
56 48 51969
56 49 61890
56 50 38940
56 51 27480
56 52 16980
56 53 14960
56 54 17850
56 55 12480