0 0 0
0 1 11
0 2 5
0 3 12
0 4 6
0 5 13
0 6 7
0 7 1
0 8 8
0 9 2
0 10 9
0 11 3
0 12 10
0 13 4
0 14 11
0 15 5
0 16 12
0 17 6
0 18 13
0 19 7
0 20 1
0 21 8
0 22 2
0 23 9
0 24 3
0 25 10
0 26 4
0 27 11
0 28 5
0 29 12
0 30 6
0 31 13
0 32 7
0 33 1
0 34 8
0 35 2
0 36 9
0 37 3
0 38 10
0 39 4
0 40 11
0 41 5
0 42 12
0 43 6
0 44 13
0 45 7
0 46 1
0 47 8
0 48 2
0 49 9
0 50 3
0 51 10
0 52 4
0 53 11
0 54 5
0 55 12
0 56 6
1 0 8
1 1 0
1 2 9
1 3 3
1 4 10
1 5 4
1 6 11
1 7 5
1 8 12
1 9 6
1 10 13
1 11 7
1 12 1
1 13 8
1 14 2
1 15 9
1 16 3
1 17 10
1 18 4
1 19 11
1 20 5
1 21 12
1 22 6
1 23 13
1 24 7
1 25 1
1 26 8
1 27 2
1 28 9
1 29 3
1 30 10
1 31 4
1 32 11
1 33 5
1 34 12
1 35 6
1 36 13
1 37 7
1 38 1
1 39 8
1 40 2
1 41 9
1 42 3
1 43 10
1 44 4
1 45 11
1 46 5
1 47 12
1 48 6
1 49 13
1 50 7
1 51 1
1 52 8
1 53 2
1 54 9
1 55 3
1 56 10
2 0 12
2 1 6
2 2 0
2 3 7
2 4 1
2 5 8
2 6 2
2 7 9
2 8 3
2 9 10
2 10 4
2 11 11
2 12 5
2 13 12
2 14 6
2 15 13
2 16 7
2 17 1
2 18 8
2 19 2
2 20 9
2 21 3
2 22 10
2 23 4
2 24 11
2 25 5
2 26 12
2 27 6
2 28 13
2 29 7
2 30 1
2 31 8
2 32 2
2 33 9
2 34 3
2 35 10
2 36 4
2 37 11
2 38 5
2 39 12
2 40 6
2 41 13
2 42 7
2 43 1
2 44 8
2 45 2
2 46 9
2 47 3
2 48 10
2 49 4
2 50 11
2 51 5
2 52 12
2 53 6
2 54 13
2 55 7
2 56 1
3 0 3
3 1 10
3 2 4
3 3 0
3 4 5
3 5 12
3 6 6
3 7 13
3 8 7
3 9 1
3 10 8
3 11 2
3 12 9
3 13 3
3 14 10
3 15 4
3 16 11
3 17 5
3 18 12
3 19 6
3 20 13
3 21 7
3 22 1
3 23 8
3 24 2
3 25 9
3 26 3
3 27 10
3 28 4
3 29 11
3 30 5
3 31 12
3 32 6
3 33 13
3 34 7
3 35 1
3 36 8
3 37 2
3 38 9
3 39 3
3 40 10
3 41 4
3 42 11
3 43 5
3 44 12
3 45 6
3 46 13
3 47 7
3 48 1
3 49 8
3 50 2
3 51 9
3 52 3
3 53 10
3 54 4
3 55 11
3 56 5
4 0 7
4 1 1
4 2 8
4 3 2
4 4 0
4 5 3
4 6 10
4 7 4
4 8 11
4 9 5
4 10 12
4 11 6
4 12 13
4 13 7
4 14 1
4 15 8
4 16 2
4 17 9
4 18 3
4 19 10
4 20 4
4 21 11
4 22 5
4 23 12
4 24 6
4 25 13
4 26 7
4 27 1
4 28 8
4 29 2
4 30 9
4 31 3
4 32 10
4 33 4
4 34 11
4 35 5
4 36 12
4 37 6
4 38 13
4 39 7
4 40 1
4 41 8
4 42 2
4 43 9
4 44 3
4 45 10
4 46 4
4 47 11
4 48 5
4 49 12
4 50 6
4 51 13
4 52 7
4 53 1
4 54 8
4 55 2
4 56 9
5 0 11
5 1 5
5 2 12
5 3 6
5 4 13
5 5 0
5 6 1
5 7 8
5 8 2
5 9 9
5 10 3
5 11 10
5 12 4
5 13 11
5 14 5
5 15 12
5 16 6
5 17 13
5 18 7
5 19 1
5 20 8
5 21 2
5 22 9
5 23 3
5 24 10
5 25 4
5 26 11
5 27 5
5 28 12
5 29 6
5 30 13
5 31 7
5 32 1
5 33 8
5 34 2
5 35 9
5 36 3
5 37 10
5 38 4
5 39 11
5 40 5
5 41 12
5 42 6
5 43 13
5 44 7
5 45 1
5 46 8
5 47 2
5 48 9
5 49 3
5 50 10
5 51 4
5 52 11
5 53 5
5 54 12
5 55 6
5 56 13
6 0 2
6 1 9
6 2 3
6 3 10
6 4 4
6 5 11
6 6 0
6 7 12
6 8 6
6 9 13
6 10 7
6 11 1
6 12 8
6 13 2
6 14 9
6 15 3
6 16 10
6 17 4
6 18 11
6 19 5
6 20 12
6 21 6
6 22 13
6 23 7
6 24 1
6 25 8
6 26 2
6 27 9
6 28 3
6 29 10
6 30 4
6 31 11
6 32 5
6 33 12
6 34 6
6 35 13
6 36 7
6 37 1
6 38 8
6 39 2
6 40 9
6 41 3
6 42 10
6 43 4
6 44 11
6 45 5
6 46 12
6 47 6
6 48 13
6 49 7
6 50 1
6 51 8
6 52 2
6 53 9
6 54 3
6 55 10
6 56 4
7 0 6
7 1 13
7 2 7
7 3 1
7 4 8
7 5 2
7 6 9
7 7 0
7 8 10
7 9 4
7 10 11
7 11 5
7 12 12
7 13 6
7 14 13
7 15 7
7 16 1
7 17 8
7 18 2
7 19 9
7 20 3
7 21 10
7 22 4
7 23 11
7 24 5
7 25 12
7 26 6
7 27 13
7 28 7
7 29 1
7 30 8
7 31 2
7 32 9
7 33 3
7 34 10
7 35 4
7 36 11
7 37 5
7 38 12
7 39 6
7 40 13
7 41 7
7 42 1
7 43 8
7 44 2
7 45 9
7 46 3
7 47 10
7 48 4
7 49 11
7 50 5
7 51 12
7 52 6
7 53 13
7 54 7
7 55 1
7 56 8
8 0 10
8 1 4
8 2 11
8 3 5
8 4 12
8 5 6
8 6 13
8 7 7
8 8 0
8 9 8
8 10 2
8 11 9
8 12 3
8 13 10
8 14 4
8 15 11
8 16 5
8 17 12
8 18 6
8 19 13
8 20 7
8 21 1
8 22 8
8 23 2
8 24 9
8 25 3
8 26 10
8 27 4
8 28 11
8 29 5
8 30 12
8 31 6
8 32 13
8 33 7
8 34 1
8 35 8
8 36 2
8 37 9
8 38 3
8 39 10
8 40 4
8 41 11
8 42 5
8 43 12
8 44 6
8 45 13
8 46 7
8 47 1
8 48 8
8 49 2
8 50 9
8 51 3
8 52 10
8 53 4
8 54 11
8 55 5
8 56 12
9 0 1
9 1 8
9 2 2
9 3 9
9 4 3
9 5 10
9 6 4
9 7 11
9 8 5
9 9 0
9 10 6
9 11 13
9 12 7
9 13 1
9 14 8
9 15 2
9 16 9
9 17 3
9 18 10
9 19 4
9 20 11
9 21 5
9 22 12
9 23 6
9 24 13
9 25 7
9 26 1
9 27 8
9 28 2
9 29 9
9 30 3
9 31 10
9 32 4
9 33 11
9 34 5
9 35 12
9 36 6
9 37 13
9 38 7
9 39 1
9 40 8
9 41 2
9 42 9
9 43 3
9 44 10
9 45 4
9 46 11
9 47 5
9 48 12
9 49 6
9 50 13
9 51 7
9 52 1
9 53 8
9 54 2
9 55 9
9 56 3
10 0 5
10 1 12
10 2 6
10 3 13
10 4 7
10 5 1
10 6 8
10 7 2
10 8 9
10 9 3
10 10 0
10 11 4
10 12 11
10 13 5
10 14 12
10 15 6
10 16 13
10 17 7
10 18 1
10 19 8
10 20 2
10 21 9
10 22 3
10 23 10
10 24 4
10 25 11
10 26 5
10 27 12
10 28 6
10 29 13
10 30 7
10 31 1
10 32 8
10 33 2
10 34 9
10 35 3
10 36 10
10 37 4
10 38 11
10 39 5
10 40 12
10 41 6
10 42 13
10 43 7
10 44 1
10 45 8
10 46 2
10 47 9
10 48 3
10 49 10
10 50 4
10 51 11
10 52 5
10 53 12
10 54 6
10 55 13
10 56 7
11 0 9
11 1 3
11 2 10
11 3 4
11 4 11
11 5 5
11 6 12
11 7 6
11 8 13
11 9 7
11 10 1
11 11 0
11 12 2
11 13 9
11 14 3
11 15 10
11 16 4
11 17 11
11 18 5
11 19 12
11 20 6
11 21 13
11 22 7
11 23 1
11 24 8
11 25 2
11 26 9
11 27 3
11 28 10
11 29 4
11 30 11
11 31 5
11 32 12
11 33 6
11 34 13
11 35 7
11 36 1
11 37 8
11 38 2
11 39 9
11 40 3
11 41 10
11 42 4
11 43 11
11 44 5
11 45 12
11 46 6
11 47 13
11 48 7
11 49 1
11 50 8
11 51 2
11 52 9
11 53 3
11 54 10
11 55 4
11 56 11
12 0 13
12 1 7
12 2 1
12 3 8
12 4 2
12 5 9
12 6 3
12 7 10
12 8 4
12 9 11
12 10 5
12 11 12
12 12 0
12 13 13
12 14 7
12 15 1
12 16 8
12 17 2
12 18 9
12 19 3
12 20 10
12 21 4
12 22 11
12 23 5
12 24 12
12 25 6
12 26 13
12 27 7
12 28 1
12 29 8
12 30 2
12 31 9
12 32 3
12 33 10
12 34 4
12 35 11
12 36 5
12 37 12
12 38 6
12 39 13
12 40 7
12 41 1
12 42 8
12 43 2
12 44 9
12 45 3
12 46 10
12 47 4
12 48 11
12 49 5
12 50 12
12 51 6
12 52 13
12 53 7
12 54 1
12 55 8
12 56 2
13 0 4
13 1 11
13 2 5
13 3 12
13 4 6
13 5 13
13 6 7
13 7 1
13 8 8
13 9 2
13 10 9
13 11 3
13 12 10
13 13 0
13 14 11
13 15 5
13 16 12
13 17 6
13 18 13
13 19 7
13 20 1
13 21 8
13 22 2
13 23 9
13 24 3
13 25 10
13 26 4
13 27 11
13 28 5
13 29 12
13 30 6
13 31 13
13 32 7
13 33 1
13 34 8
13 35 2
13 36 9
13 37 3
13 38 10
13 39 4
13 40 11
13 41 5
13 42 12
13 43 6
13 44 13
13 45 7
13 46 1
13 47 8
13 48 2
13 49 9
13 50 3
13 51 10
13 52 4
13 53 11
13 54 5
13 55 12
13 56 6
14 0 8
14 1 2
14 2 9
14 3 3
14 4 10
14 5 4
14 6 11
14 7 5
14 8 12
14 9 6
14 10 13
14 11 7
14 12 1
14 13 8
14 14 0
14 15 9
14 16 3
14 17 10
14 18 4
14 19 11
14 20 5
14 21 12
14 22 6
14 23 13
14 24 7
14 25 1
14 26 8
14 27 2
14 28 9
14 29 3
14 30 10
14 31 4
14 32 11
14 33 5
14 34 12
14 35 6
14 36 13
14 37 7
14 38 1
14 39 8
14 40 2
14 41 9
14 42 3
14 43 10
14 44 4
14 45 11
14 46 5
14 47 12
14 48 6
14 49 13
14 50 7
14 51 1
14 52 8
14 53 2
14 54 9
14 55 3
14 56 10
15 0 12
15 1 6
15 2 13
15 3 7
15 4 1
15 5 8
15 6 2
15 7 9
15 8 3
15 9 10
15 10 4
15 11 11
15 12 5
15 13 12
15 14 6
15 15 0
15 16 7
15 17 1
15 18 8
15 19 2
15 20 9
15 21 3
15 22 10
15 23 4
15 24 11
15 25 5
15 26 12
15 27 6
15 28 13
15 29 7
15 30 1
15 31 8
15 32 2
15 33 9
15 34 3
15 35 10
15 36 4
15 37 11
15 38 5
15 39 12
15 40 6
15 41 13
15 42 7
15 43 1
15 44 8
15 45 2
15 46 9
15 47 3
15 48 10
15 49 4
15 50 11
15 51 5
15 52 12
15 53 6
15 54 13
15 55 7
15 56 1
16 0 3
16 1 10
16 2 4
16 3 11
16 4 5
16 5 12
16 6 6
16 7 13
16 8 7
16 9 1
16 10 8
16 11 2
16 12 9
16 13 3
16 14 10
16 15 4
16 16 0
16 17 5
16 18 12
16 19 6
16 20 13
16 21 7
16 22 1
16 23 8
16 24 2
16 25 9
16 26 3
16 27 10
16 28 4
16 29 11
16 30 5
16 31 12
16 32 6
16 33 13
16 34 7
16 35 1
16 36 8
16 37 2
16 38 9
16 39 3
16 40 10
16 41 4
16 42 11
16 43 5
16 44 12
16 45 6
16 46 13
16 47 7
16 48 1
16 49 8
16 50 2
16 51 9
16 52 3
16 53 10
16 54 4
16 55 11
16 56 5
17 0 7
17 1 1
17 2 8
17 3 2
17 4 9
17 5 3
17 6 10
17 7 4
17 8 11
17 9 5
17 10 12
17 11 6
17 12 13
17 13 7
17 14 1
17 15 8
17 16 2
17 17 0
17 18 3
17 19 10
17 20 4
17 21 11
17 22 5
17 23 12
17 24 6
17 25 13
17 26 7
17 27 1
17 28 8
17 29 2
17 30 9
17 31 3
17 32 10
17 33 4
17 34 11
17 35 5
17 36 12
17 37 6
17 38 13
17 39 7
17 40 1
17 41 8
17 42 2
17 43 9
17 44 3
17 45 10
17 46 4
17 47 11
17 48 5
17 49 12
17 50 6
17 51 13
17 52 7
17 53 1
17 54 8
17 55 2
17 56 9
18 0 11
18 1 5
18 2 12
18 3 6
18 4 13
18 5 7
18 6 1
18 7 8
18 8 2
18 9 9
18 10 3
18 11 10
18 12 4
18 13 11
18 14 5
18 15 12
18 16 6
18 17 13
18 18 0
18 19 1
18 20 8
18 21 2
18 22 9
18 23 3
18 24 10
18 25 4
18 26 11
18 27 5
18 28 12
18 29 6
18 30 13
18 31 7
18 32 1
18 33 8
18 34 2
18 35 9
18 36 3
18 37 10
18 38 4
18 39 11
18 40 5
18 41 12
18 42 6
18 43 13
18 44 7
18 45 1
18 46 8
18 47 2
18 48 9
18 49 3
18 50 10
18 51 4
18 52 11
18 53 5
18 54 12
18 55 6
18 56 13
19 0 2
19 1 9
19 2 3
19 3 10
19 4 4
19 5 11
19 6 5
19 7 12
19 8 6
19 9 13
19 10 7
19 11 1
19 12 8
19 13 2
19 14 9
19 15 3
19 16 10
19 17 4
19 18 11
19 19 0
19 20 12
19 21 6
19 22 13
19 23 7
19 24 1
19 25 8
19 26 2
19 27 9
19 28 3
19 29 10
19 30 4
19 31 11
19 32 5
19 33 12
19 34 6
19 35 13
19 36 7
19 37 1
19 38 8
19 39 2
19 40 9
19 41 3
19 42 10
19 43 4
19 44 11
19 45 5
19 46 12
19 47 6
19 48 13
19 49 7
19 50 1
19 51 8
19 52 2
19 53 9
19 54 3
19 55 10
19 56 4
20 0 6
20 1 13
20 2 7
20 3 1
20 4 8
20 5 2
20 6 9
20 7 3
20 8 10
20 9 4
20 10 11
20 11 5
20 12 12
20 13 6
20 14 13
20 15 7
20 16 1
20 17 8
20 18 2
20 19 9
20 20 0
20 21 10
20 22 4
20 23 11
20 24 5
20 25 12
20 26 6
20 27 13
20 28 7
20 29 1
20 30 8
20 31 2
20 32 9
20 33 3
20 34 10
20 35 4
20 36 11
20 37 5
20 38 12
20 39 6
20 40 13
20 41 7
20 42 1
20 43 8
20 44 2
20 45 9
20 46 3
20 47 10
20 48 4
20 49 11
20 50 5
20 51 12
20 52 6
20 53 13
20 54 7
20 55 1
20 56 8
21 0 10
21 1 4
21 2 11
21 3 5
21 4 12
21 5 6
21 6 13
21 7 7
21 8 1
21 9 8
21 10 2
21 11 9
21 12 3
21 13 10
21 14 4
21 15 11
21 16 5
21 17 12
21 18 6
21 19 13
21 20 7
21 21 0
21 22 8
21 23 2
21 24 9
21 25 3
21 26 10
21 27 4
21 28 11
21 29 5
21 30 12
21 31 6
21 32 13
21 33 7
21 34 1
21 35 8
21 36 2
21 37 9
21 38 3
21 39 10
21 40 4
21 41 11
21 42 5
21 43 12
21 44 6
21 45 13
21 46 7
21 47 1
21 48 8
21 49 2
21 50 9
21 51 3
21 52 10
21 53 4
21 54 11
21 55 5
21 56 12
22 0 1
22 1 8
22 2 2
22 3 9
22 4 3
22 5 10
22 6 4
22 7 11
22 8 5
22 9 12
22 10 6
22 11 13
22 12 7
22 13 1
22 14 8
22 15 2
22 16 9
22 17 3
22 18 10
22 19 4
22 20 11
22 21 5
22 22 0
22 23 6
22 24 13
22 25 7
22 26 1
22 27 8
22 28 2
22 29 9
22 30 3
22 31 10
22 32 4
22 33 11
22 34 5
22 35 12
22 36 6
22 37 13
22 38 7
22 39 1
22 40 8
22 41 2
22 42 9
22 43 3
22 44 10
22 45 4
22 46 11
22 47 5
22 48 12
22 49 6
22 50 13
22 51 7
22 52 1
22 53 8
22 54 2
22 55 9
22 56 3
23 0 5
23 1 12
23 2 6
23 3 13
23 4 7
23 5 1
23 6 8
23 7 2
23 8 9
23 9 3
23 10 10
23 11 4
23 12 11
23 13 5
23 14 12
23 15 6
23 16 13
23 17 7
23 18 1
23 19 8
23 20 2
23 21 9
23 22 3
23 23 0
23 24 4
23 25 11
23 26 5
23 27 12
23 28 6
23 29 13
23 30 7
23 31 1
23 32 8
23 33 2
23 34 9
23 35 3
23 36 10
23 37 4
23 38 11
23 39 5
23 40 12
23 41 6
23 42 13
23 43 7
23 44 1
23 45 8
23 46 2
23 47 9
23 48 3
23 49 10
23 50 4
23 51 11
23 52 5
23 53 12
23 54 6
23 55 13
23 56 7
24 0 9
24 1 3
24 2 10
24 3 4
24 4 11
24 5 5
24 6 12
24 7 6
24 8 13
24 9 7
24 10 1
24 11 8
24 12 2
24 13 9
24 14 3
24 15 10
24 16 4
24 17 11
24 18 5
24 19 12
24 20 6
24 21 13
24 22 7
24 23 1
24 24 0
24 25 2
24 26 9
24 27 3
24 28 10
24 29 4
24 30 11
24 31 5
24 32 12
24 33 6
24 34 13
24 35 7
24 36 1
24 37 8
24 38 2
24 39 9
24 40 3
24 41 10
24 42 4
24 43 11
24 44 5
24 45 12
24 46 6
24 47 13
24 48 7
24 49 1
24 50 8
24 51 2
24 52 9
24 53 3
24 54 10
24 55 4
24 56 11
25 0 13
25 1 7
25 2 1
25 3 8
25 4 2
25 5 9
25 6 3
25 7 10
25 8 4
25 9 11
25 10 5
25 11 12
25 12 6
25 13 13
25 14 7
25 15 1
25 16 8
25 17 2
25 18 9
25 19 3
25 20 10
25 21 4
25 22 11
25 23 5
25 24 12
25 25 0
25 26 13
25 27 7
25 28 1
25 29 8
25 30 2
25 31 9
25 32 3
25 33 10
25 34 4
25 35 11
25 36 5
25 37 12
25 38 6
25 39 13
25 40 7
25 41 1
25 42 8
25 43 2
25 44 9
25 45 3
25 46 10
25 47 4
25 48 11
25 49 5
25 50 12
25 51 6
25 52 13
25 53 7
25 54 1
25 55 8
25 56 2
26 0 4
26 1 11
26 2 5
26 3 12
26 4 6
26 5 13
26 6 7
26 7 1
26 8 8
26 9 2
26 10 9
26 11 3
26 12 10
26 13 4
26 14 11
26 15 5
26 16 12
26 17 6
26 18 13
26 19 7
26 20 1
26 21 8
26 22 2
26 23 9
26 24 3
26 25 10
26 26 0
26 27 11
26 28 5
26 29 12
26 30 6
26 31 13
26 32 7
26 33 1
26 34 8
26 35 2
26 36 9
26 37 3
26 38 10
26 39 4
26 40 11
26 41 5
26 42 12
26 43 6
26 44 13
26 45 7
26 46 1
26 47 8
26 48 2
26 49 9
26 50 3
26 51 10
26 52 4
26 53 11
26 54 5
26 55 12
26 56 6
27 0 8
27 1 2
27 2 9
27 3 3
27 4 10
27 5 4
27 6 11
27 7 5
27 8 12
27 9 6
27 10 13
27 11 7
27 12 1
27 13 8
27 14 2
27 15 9
27 16 3
27 17 10
27 18 4
27 19 11
27 20 5
27 21 12
27 22 6
27 23 13
27 24 7
27 25 1
27 26 8
27 27 0
27 28 9
27 29 3
27 30 10
27 31 4
27 32 11
27 33 5
27 34 12
27 35 6
27 36 13
27 37 7
27 38 1
27 39 8
27 40 2
27 41 9
27 42 3
27 43 10
27 44 4
27 45 11
27 46 5
27 47 12
27 48 6
27 49 13
27 50 7
27 51 1
27 52 8
27 53 2
27 54 9
27 55 3
27 56 10
28 0 12
28 1 6
28 2 13
28 3 7
28 4 1
28 5 8
28 6 2
28 7 9
28 8 3
28 9 10
28 10 4
28 11 11
28 12 5
28 13 12
28 14 6
28 15 13
28 16 7
28 17 1
28 18 8
28 19 2
28 20 9
28 21 3
28 22 10
28 23 4
28 24 11
28 25 5
28 26 12
28 27 6
28 28 0
28 29 7
28 30 1
28 31 8
28 32 2
28 33 9
28 34 3
28 35 10
28 36 4
28 37 11
28 38 5
28 39 12
28 40 6
28 41 13
28 42 7
28 43 1
28 44 8
28 45 2
28 46 9
28 47 3
28 48 10
28 49 4
28 50 11
28 51 5
28 52 12
28 53 6
28 54 13
28 55 7
28 56 1
29 0 3
29 1 10
29 2 4
29 3 11
29 4 5
29 5 12
29 6 6
29 7 13
29 8 7
29 9 1
29 10 8
29 11 2
29 12 9
29 13 3
29 14 10
29 15 4
29 16 11
29 17 5
29 18 12
29 19 6
29 20 13
29 21 7
29 22 1
29 23 8
29 24 2
29 25 9
29 26 3
29 27 10
29 28 4
29 29 0
29 30 5
29 31 12
29 32 6
29 33 13
29 34 7
29 35 1
29 36 8
29 37 2
29 38 9
29 39 3
29 40 10
29 41 4
29 42 11
29 43 5
29 44 12
29 45 6
29 46 13
29 47 7
29 48 1
29 49 8
29 50 2
29 51 9
29 52 3
29 53 10
29 54 4
29 55 11
29 56 5
30 0 7
30 1 1
30 2 8
30 3 2
30 4 9
30 5 3
30 6 10
30 7 4
30 8 11
30 9 5
30 10 12
30 11 6
30 12 13
30 13 7
30 14 1
30 15 8
30 16 2
30 17 9
30 18 3
30 19 10
30 20 4
30 21 11
30 22 5
30 23 12
30 24 6
30 25 13
30 26 7
30 27 1
30 28 8
30 29 2
30 30 0
30 31 3
30 32 10
30 33 4
30 34 11
30 35 5
30 36 12
30 37 6
30 38 13
30 39 7
30 40 1
30 41 8
30 42 2
30 43 9
30 44 3
30 45 10
30 46 4
30 47 11
30 48 5
30 49 12
30 50 6
30 51 13
30 52 7
30 53 1
30 54 8
30 55 2
30 56 9
31 0 11
31 1 5
31 2 12
31 3 6
31 4 13
31 5 7
31 6 1
31 7 8
31 8 2
31 9 9
31 10 3
31 11 10
31 12 4
31 13 11
31 14 5
31 15 12
31 16 6
31 17 13
31 18 7
31 19 1
31 20 8
31 21 2
31 22 9
31 23 3
31 24 10
31 25 4
31 26 11
31 27 5
31 28 12
31 29 6
31 30 13
31 31 0
31 32 1
31 33 8
31 34 2
31 35 9
31 36 3
31 37 10
31 38 4
31 39 11
31 40 5
31 41 12
31 42 6
31 43 13
31 44 7
31 45 1
31 46 8
31 47 2
31 48 9
31 49 3
31 50 10
31 51 4
31 52 11
31 53 5
31 54 12
31 55 6
31 56 13
32 0 2
32 1 9
32 2 3
32 3 10
32 4 4
32 5 11
32 6 5
32 7 12
32 8 6
32 9 13
32 10 7
32 11 1
32 12 8
32 13 2
32 14 9
32 15 3
32 16 10
32 17 4
32 18 11
32 19 5
32 20 12
32 21 6
32 22 13
32 23 7
32 24 1
32 25 8
32 26 2
32 27 9
32 28 3
32 29 10
32 30 4
32 31 11
32 32 0
32 33 12
32 34 6
32 35 13
32 36 7
32 37 1
32 38 8
32 39 2
32 40 9
32 41 3
32 42 10
32 43 4
32 44 11
32 45 5
32 46 12
32 47 6
32 48 13
32 49 7
32 50 1
32 51 8
32 52 2
32 53 9
32 54 3
32 55 10
32 56 4
33 0 6
33 1 13
33 2 7
33 3 1
33 4 8
33 5 2
33 6 9
33 7 3
33 8 10
33 9 4
33 10 11
33 11 5
33 12 12
33 13 6
33 14 13
33 15 7
33 16 1
33 17 8
33 18 2
33 19 9
33 20 3
33 21 10
33 22 4
33 23 11
33 24 5
33 25 12
33 26 6
33 27 13
33 28 7
33 29 1
33 30 8
33 31 2
33 32 9
33 33 0
33 34 10
33 35 4
33 36 11
33 37 5
33 38 12
33 39 6
33 40 13
33 41 7
33 42 1
33 43 8
33 44 2
33 45 9
33 46 3
33 47 10
33 48 4
33 49 11
33 50 5
33 51 12
33 52 6
33 53 13
33 54 7
33 55 1
33 56 8
34 0 10
34 1 4
34 2 11
34 3 5
34 4 12
34 5 6
34 6 13
34 7 7
34 8 1
34 9 8
34 10 2
34 11 9
34 12 3
34 13 10
34 14 4
34 15 11
34 16 5
34 17 12
34 18 6
34 19 13
34 20 7
34 21 1
34 22 8
34 23 2
34 24 9
34 25 3
34 26 10
34 27 4
34 28 11
34 29 5
34 30 12
34 31 6
34 32 13
34 33 7
34 34 0
34 35 8
34 36 2
34 37 9
34 38 3
34 39 10
34 40 4
34 41 11
34 42 5
34 43 12
34 44 6
34 45 13
34 46 7
34 47 1
34 48 8
34 49 2
34 50 9
34 51 3
34 52 10
34 53 4
34 54 11
34 55 5
34 56 12
35 0 1
35 1 8
35 2 2
35 3 9
35 4 3
35 5 10
35 6 4
35 7 11
35 8 5
35 9 12
35 10 6
35 11 13
35 12 7
35 13 1
35 14 8
35 15 2
35 16 9
35 17 3
35 18 10
35 19 4
35 20 11
35 21 5
35 22 12
35 23 6
35 24 13
35 25 7
35 26 1
35 27 8
35 28 2
35 29 9
35 30 3
35 31 10
35 32 4
35 33 11
35 34 5
35 35 0
35 36 6
35 37 13
35 38 7
35 39 1
35 40 8
35 41 2
35 42 9
35 43 3
35 44 10
35 45 4
35 46 11
35 47 5
35 48 12
35 49 6
35 50 13
35 51 7
35 52 1
35 53 8
35 54 2
35 55 9
35 56 3
36 0 5
36 1 12
36 2 6
36 3 13
36 4 7
36 5 1
36 6 8
36 7 2
36 8 9
36 9 3
36 10 10
36 11 4
36 12 11
36 13 5
36 14 12
36 15 6
36 16 13
36 17 7
36 18 1
36 19 8
36 20 2
36 21 9
36 22 3
36 23 10
36 24 4
36 25 11
36 26 5
36 27 12
36 28 6
36 29 13
36 30 7
36 31 1
36 32 8
36 33 2
36 34 9
36 35 3
36 36 0
36 37 4
36 38 11
36 39 5
36 40 12
36 41 6
36 42 13
36 43 7
36 44 1
36 45 8
36 46 2
36 47 9
36 48 3
36 49 10
36 50 4
36 51 11
36 52 5
36 53 12
36 54 6
36 55 13
36 56 7
37 0 9
37 1 3
37 2 10
37 3 4
37 4 11
37 5 5
37 6 12
37 7 6
37 8 13
37 9 7
37 10 1
37 11 8
37 12 2
37 13 9
37 14 3
37 15 10
37 16 4
37 17 11
37 18 5
37 19 12
37 20 6
37 21 13
37 22 7
37 23 1
37 24 8
37 25 2
37 26 9
37 27 3
37 28 10
37 29 4
37 30 11
37 31 5
37 32 12
37 33 6
37 34 13
37 35 7
37 36 1
37 37 0
37 38 2
37 39 9
37 40 3
37 41 10
37 42 4
37 43 11
37 44 5
37 45 12
37 46 6
37 47 13
37 48 7
37 49 1
37 50 8
37 51 2
37 52 9
37 53 3
37 54 10
37 55 4
37 56 11
38 0 13
38 1 7
38 2 1
38 3 8
38 4 2
38 5 9
38 6 3
38 7 10
38 8 4
38 9 11
38 10 5
38 11 12
38 12 6
38 13 13
38 14 7
38 15 1
38 16 8
38 17 2
38 18 9
38 19 3
38 20 10
38 21 4
38 22 11
38 23 5
38 24 12
38 25 6
38 26 13
38 27 7
38 28 1
38 29 8
38 30 2
38 31 9
38 32 3
38 33 10
38 34 4
38 35 11
38 36 5
38 37 12
38 38 0
38 39 13
38 40 7
38 41 1
38 42 8
38 43 2
38 44 9
38 45 3
38 46 10
38 47 4
38 48 11
38 49 5
38 50 12
38 51 6
38 52 13
38 53 7
38 54 1
38 55 8
38 56 2
39 0 4
39 1 11
39 2 5
39 3 12
39 4 6
39 5 13
39 6 7
39 7 1
39 8 8
39 9 2
39 10 9
39 11 3
39 12 10
39 13 4
39 14 11
39 15 5
39 16 12
39 17 6
39 18 13
39 19 7
39 20 1
39 21 8
39 22 2
39 23 9
39 24 3
39 25 10
39 26 4
39 27 11
39 28 5
39 29 12
39 30 6
39 31 13
39 32 7
39 33 1
39 34 8
39 35 2
39 36 9
39 37 3
39 38 10
39 39 0
39 40 11
39 41 5
39 42 12
39 43 6
39 44 13
39 45 7
39 46 1
39 47 8
39 48 2
39 49 9
39 50 3
39 51 10
39 52 4
39 53 11
39 54 5
39 55 12
39 56 6
40 0 8
40 1 2
40 2 9
40 3 3
40 4 10
40 5 4
40 6 11
40 7 5
40 8 12
40 9 6
40 10 13
40 11 7
40 12 1
40 13 8
40 14 2
40 15 9
40 16 3
40 17 10
40 18 4
40 19 11
40 20 5
40 21 12
40 22 6
40 23 13
40 24 7
40 25 1
40 26 8
40 27 2
40 28 9
40 29 3
40 30 10
40 31 4
40 32 11
40 33 5
40 34 12
40 35 6
40 36 13
40 37 7
40 38 1
40 39 8
40 40 0
40 41 9
40 42 3
40 43 10
40 44 4
40 45 11
40 46 5
40 47 12
40 48 6
40 49 13
40 50 7
40 51 1
40 52 8
40 53 2
40 54 9
40 55 3
40 56 10
41 0 12
41 1 6
41 2 13
41 3 7
41 4 1
41 5 8
41 6 2
41 7 9
41 8 3
41 9 10
41 10 4
41 11 11
41 12 5
41 13 12
41 14 6
41 15 13
41 16 7
41 17 1
41 18 8
41 19 2
41 20 9
41 21 3
41 22 10
41 23 4
41 24 11
41 25 5
41 26 12
41 27 6
41 28 13
41 29 7
41 30 1
41 31 8
41 32 2
41 33 9
41 34 3
41 35 10
41 36 4
41 37 11
41 38 5
41 39 12
41 40 6
41 41 0
41 42 7
41 43 1
41 44 8
41 45 2
41 46 9
41 47 3
41 48 10
41 49 4
41 50 11
41 51 5
41 52 12
41 53 6
41 54 13
41 55 7
41 56 1
42 0 3
42 1 10
42 2 4
42 3 11
42 4 5
42 5 12
42 6 6
42 7 13
42 8 7
42 9 1
42 10 8
42 11 2
42 12 9
42 13 3
42 14 10
42 15 4
42 16 11
42 17 5
42 18 12
42 19 6
42 20 13
42 21 7
42 22 1
42 23 8
42 24 2
42 25 9
42 26 3
42 27 10
42 28 4
42 29 11
42 30 5
42 31 12
42 32 6
42 33 13
42 34 7
42 35 1
42 36 8
42 37 2
42 38 9
42 39 3
42 40 10
42 41 4
42 42 0
42 43 5
42 44 12
42 45 6
42 46 13
42 47 7
42 48 1
42 49 8
42 50 2
42 51 9
42 52 3
42 53 10
42 54 4
42 55 11
42 56 5
43 0 7
43 1 1
43 2 8
43 3 2
43 4 9
43 5 3
43 6 10
43 7 4
43 8 11
43 9 5
43 10 12
43 11 6
43 12 13
43 13 7
43 14 1
43 15 8
43 16 2
43 17 9
43 18 3
43 19 10
43 20 4
43 21 11
43 22 5
43 23 12
43 24 6
43 25 13
43 26 7
43 27 1
43 28 8
43 29 2
43 30 9
43 31 3
43 32 10
43 33 4
43 34 11
43 35 5
43 36 12
43 37 6
43 38 13
43 39 7
43 40 1
43 41 8
43 42 2
43 43 0
43 44 3
43 45 10
43 46 4
43 47 11
43 48 5
43 49 12
43 50 6
43 51 13
43 52 7
43 53 1
43 54 8
43 55 2
43 56 9
44 0 11
44 1 5
44 2 12
44 3 6
44 4 13
44 5 7
44 6 1
44 7 8
44 8 2
44 9 9
44 10 3
44 11 10
44 12 4
44 13 11
44 14 5
44 15 12
44 16 6
44 17 13
44 18 7
44 19 1
44 20 8
44 21 2
44 22 9
44 23 3
44 24 10
44 25 4
44 26 11
44 27 5
44 28 12
44 29 6
44 30 13
44 31 7
44 32 1
44 33 8
44 34 2
44 35 9
44 36 3
44 37 10
44 38 4
44 39 11
44 40 5
44 41 12
44 42 6
44 43 13
44 44 0
44 45 1
44 46 8
44 47 2
44 48 9
44 49 3
44 50 10
44 51 4
44 52 11
44 53 5
44 54 12
44 55 6
44 56 13
45 0 2
45 1 9
45 2 3
45 3 10
45 4 4
45 5 11
45 6 5
45 7 12
45 8 6
45 9 13
45 10 7
45 11 1
45 12 8
45 13 2
45 14 9
45 15 3
45 16 10
45 17 4
45 18 11
45 19 5
45 20 12
45 21 6
45 22 13
45 23 7
45 24 1
45 25 8
45 26 2
45 27 9
45 28 3
45 29 10
45 30 4
45 31 11
45 32 5
45 33 12
45 34 6
45 35 13
45 36 7
45 37 1
45 38 8
45 39 2
45 40 9
45 41 3
45 42 10
45 43 4
45 44 11
45 45 0
45 46 12
45 47 6
45 48 13
45 49 7
45 50 1
45 51 8
45 52 2
45 53 9
45 54 3
45 55 10
45 56 4
46 0 6
46 1 13
46 2 7
46 3 1
46 4 8
46 5 2
46 6 9
46 7 3
46 8 10
46 9 4
46 10 11
46 11 5
46 12 12
46 13 6
46 14 13
46 15 7
46 16 1
46 17 8
46 18 2
46 19 9
46 20 3
46 21 10
46 22 4
46 23 11
46 24 5
46 25 12
46 26 6
46 27 13
46 28 7
46 29 1
46 30 8
46 31 2
46 32 9
46 33 3
46 34 10
46 35 4
46 36 11
46 37 5
46 38 12
46 39 6
46 40 13
46 41 7
46 42 1
46 43 8
46 44 2
46 45 9
46 46 0
46 47 10
46 48 4
46 49 11
46 50 5
46 51 12
46 52 6
46 53 13
46 54 7
46 55 1
46 56 8
47 0 10
47 1 4
47 2 11
47 3 5
47 4 12
47 5 6
47 6 13
47 7 7
47 8 1
47 9 8
47 10 2
47 11 9
47 12 3
47 13 10
47 14 4
47 15 11
47 16 5
47 17 12
47 18 6
47 19 13
47 20 7
47 21 1
47 22 8
47 23 2
47 24 9
47 25 3
47 26 10
47 27 4
47 28 11
47 29 5
47 30 12
47 31 6
47 32 13
47 33 7
47 34 1
47 35 8
47 36 2
47 37 9
47 38 3
47 39 10
47 40 4
47 41 11
47 42 5
47 43 12
47 44 6
47 45 13
47 46 7
47 47 0
47 48 8
47 49 2
47 50 9
47 51 3
47 52 10
47 53 4
47 54 11
47 55 5
47 56 12
48 0 1
48 1 8
48 2 2
48 3 9
48 4 3
48 5 10
48 6 4
48 7 11
48 8 5
48 9 12
48 10 6
48 11 13
48 12 7
48 13 1
48 14 8
48 15 2
48 16 9
48 17 3
48 18 10
48 19 4
48 20 11
48 21 5
48 22 12
48 23 6
48 24 13
48 25 7
48 26 1
48 27 8
48 28 2
48 29 9
48 30 3
48 31 10
48 32 4
48 33 11
48 34 5
48 35 12
48 36 6
48 37 13
48 38 7
48 39 1
48 40 8
48 41 2
48 42 9
48 43 3
48 44 10
48 45 4
48 46 11
48 47 5
48 48 0
48 49 6
48 50 13
48 51 7
48 52 1
48 53 8
48 54 2
48 55 9
48 56 3
49 0 5
49 1 12
49 2 6
49 3 13
49 4 7
49 5 1
49 6 8
49 7 2
49 8 9
49 9 3
49 10 10
49 11 4
49 12 11
49 13 5
49 14 12
49 15 6
49 16 13
49 17 7
49 18 1
49 19 8
49 20 2
49 21 9
49 22 3
49 23 10
49 24 4
49 25 11
49 26 5
49 27 12
49 28 6
49 29 13
49 30 7
49 31 1
49 32 8
49 33 2
49 34 9
49 35 3
49 36 10
49 37 4
49 38 11
49 39 5
49 40 12
49 41 6
49 42 13
49 43 7
49 44 1
49 45 8
49 46 2
49 47 9
49 48 3
49 49 0
49 50 4
49 51 11
49 52 5
49 53 12
49 54 6
49 55 13
49 56 7
50 0 9
50 1 3
50 2 10
50 3 4
50 4 11
50 5 5
50 6 12
50 7 6
50 8 13
50 9 7
50 10 1
50 11 8
50 12 2
50 13 9
50 14 3
50 15 10
50 16 4
50 17 11
50 18 5
50 19 12
50 20 6
50 21 13
50 22 7
50 23 1
50 24 8
50 25 2
50 26 9
50 27 3
50 28 10
50 29 4
50 30 11
50 31 5
50 32 12
50 33 6
50 34 13
50 35 7
50 36 1
50 37 8
50 38 2
50 39 9
50 40 3
50 41 10
50 42 4
50 43 11
50 44 5
50 45 12
50 46 6
50 47 13
50 48 7
50 49 1
50 50 0
50 51 2
50 52 9
50 53 3
50 54 10
50 55 4
50 56 11
51 0 13
51 1 7
51 2 1
51 3 8
51 4 2
51 5 9
51 6 3
51 7 10
51 8 4
51 9 11
51 10 5
51 11 12
51 12 6
51 13 13
51 14 7
51 15 1
51 16 8
51 17 2
51 18 9
51 19 3
51 20 10
51 21 4
51 22 11
51 23 5
51 24 12
51 25 6
51 26 13
51 27 7
51 28 1
51 29 8
51 30 2
51 31 9
51 32 3
51 33 10
51 34 4
51 35 11
51 36 5
51 37 12
51 38 6
51 39 13
51 40 7
51 41 1
51 42 8
51 43 2
51 44 9
51 45 3
51 46 10
51 47 4
51 48 11
51 49 5
51 50 12
51 51 0
51 52 13
51 53 7
51 54 1
51 55 8
51 56 2
52 0 4
52 1 11
52 2 5
52 3 12
52 4 6
52 5 13
52 6 7
52 7 1
52 8 8
52 9 2
52 10 9
52 11 3
52 12 10
52 13 4
52 14 11
52 15 5
52 16 12
52 17 6
52 18 13
52 19 7
52 20 1
52 21 8
52 22 2
52 23 9
52 24 3
52 25 10
52 26 4
52 27 11
52 28 5
52 29 12
52 30 6
52 31 13
52 32 7
52 33 1
52 34 8
52 35 2
52 36 9
52 37 3
52 38 10
52 39 4
52 40 11
52 41 5
52 42 12
52 43 6
52 44 13
52 45 7
52 46 1
52 47 8
52 48 2
52 49 9
52 50 3
52 51 10
52 52 0
52 53 11
52 54 5
52 55 12
52 56 6
53 0 8
53 1 2
53 2 9
53 3 3
53 4 10
53 5 4
53 6 11
53 7 5
53 8 12
53 9 6
53 10 13
53 11 7
53 12 1
53 13 8
53 14 2
53 15 9
53 16 3
53 17 10
53 18 4
53 19 11
53 20 5
53 21 12
53 22 6
53 23 13
53 24 7
53 25 1
53 26 8
53 27 2
53 28 9
53 29 3
53 30 10
53 31 4
53 32 11
53 33 5
53 34 12
53 35 6
53 36 13
53 37 7
53 38 1
53 39 8
53 40 2
53 41 9
53 42 3
53 43 10
53 44 4
53 45 11
53 46 5
53 47 12
53 48 6
53 49 13
53 50 7
53 51 1
53 52 8
53 53 0
53 54 9
53 55 3
53 56 10
54 0 12
54 1 6
54 2 13
54 3 7
54 4 1
54 5 8
54 6 2
54 7 9
54 8 3
54 9 10
54 10 4
54 11 11
54 12 5
54 13 12
54 14 6
54 15 13
54 16 7
54 17 1
54 18 8
54 19 2
54 20 9
54 21 3
54 22 10
54 23 4
54 24 11
54 25 5
54 26 12
54 27 6
54 28 13
54 29 7
54 30 1
54 31 8
54 32 2
54 33 9
54 34 3
54 35 10
54 36 4
54 37 11
54 38 5
54 39 12
54 40 6
54 41 13
54 42 7
54 43 1
54 44 8
54 45 2
54 46 9
54 47 3
54 48 10
54 49 4
54 50 11
54 51 5
54 52 12
54 53 6
54 54 0
54 55 7
54 56 1
55 0 3
55 1 10
55 2 4
55 3 11
55 4 5
55 5 12
55 6 6
55 7 13
55 8 7
55 9 1
55 10 8
55 11 2
55 12 9
55 13 3
55 14 10
55 15 4
55 16 11
55 17 5
55 18 12
55 19 6
55 20 13
55 21 7
55 22 1
55 23 8
55 24 2
55 25 9
55 26 3
55 27 10
55 28 4
55 29 11
55 30 5
55 31 12
55 32 6
55 33 13
55 34 7
55 35 1
55 36 8
55 37 2
55 38 9
55 39 3
55 40 10
55 41 4
55 42 11
55 43 5
55 44 12
55 45 6
55 46 13
55 47 7
55 48 1
55 49 8
55 50 2
55 51 9
55 52 3
55 53 10
55 54 4
55 55 0
55 56 5
56 0 7
56 1 1
56 2 8
56 3 2
56 4 9
56 5 3
56 6 10
56 7 4
56 8 11
56 9 5
56 10 12
56 11 6
56 12 13
56 13 7
56 14 1
56 15 8
56 16 2
56 17 9
56 18 3
56 19 10
56 20 4
56 21 11
56 22 5
56 23 12
56 24 6
56 25 13
56 26 7
56 27 1
56 28 8
56 29 2
56 30 9
56 31 3
56 32 10
56 33 4
56 34 11
56 35 5
56 36 12
56 37 6
56 38 13
56 39 7
56 40 1
56 41 8
56 42 2
56 43 9
56 44 3
56 45 10
56 46 4
56 47 11
56 48 5
56 49 12
56 50 6
56 51 13
56 52 7
56 53 1
56 54 8
56 55 2
56 56 0
